1,1,133.72,315.70,501.97,685.79,1,0,0,0
2,1,133.17,315.57,507.18,686.10,1,0,0,0
3,1,134.82,319.31,510.48,680.24,1,0,0,0
4,1,136.60,319.84,506.40,678.48,1,0,0,0
5,1,135.95,322.33,493.25,673.35,1,0,0,0
6,1,131.94,321.19,486.35,672.96,1,0,0,0
7,1,128.66,321.26,484.77,671.29,1,0,0,0
8,1,125.17,325.77,492.07,664.97,1,0,0,0
9,1,123.81,326.32,483.50,660.88,1,0,0,0
10,1,123.92,321.62,485.55,663.40,1,0,0,0
11,1,124.25,320.93,487.71,660.94,1,0,0,0
12,1,127.94,314.29,479.14,668.54,1,0,0,0
13,1,119.45,313.10,489.47,668.23,1,0,0,0
14,1,124.35,307.09,481.99,680.83,1,0,0,0
15,1,124.71,307.15,474.01,680.29,1,0,0,0
16,1,115.79,307.88,481.64,679.71,1,0,0,0
17,1,109.78,309.52,488.95,683.35,1,0,0,0
18,1,107.27,312.75,491.41,684.28,1,0,0,0
19,1,106.38,317.68,493.71,678.83,1,0,0,0
20,1,102.70,319.33,497.77,678.12,1,0,0,0
21,1,101.93,318.69,498.21,681.21,1,0,0,0
22,1,98.30,318.92,501.76,682.22,1,0,0,0
23,1,96.19,317.54,504.16,685.55,1,0,0,0
24,1,100.55,314.44,499.25,690.10,1,0,0,0
25,1,98.18,309.79,497.53,698.76,1,0,0,0
26,1,98.04,306.81,501.46,704.95,1,0,0,0
27,1,99.45,291.17,506.69,719.69,1,0,0,0
28,1,96.98,281.74,514.03,730.68,1,0,0,0
29,1,96.75,260.20,524.68,750.89,1,0,0,0
30,1,95.50,252.50,532.73,759.75,1,0,0,0
31,1,95.02,256.61,537.32,759.36,1,0,0,0
32,1,96.92,261.58,541.05,755.06,1,0,0,0
33,1,97.29,251.42,550.85,770.35,1,0,0,0
34,1,100.33,258.77,551.62,768.05,1,0,0,0
35,1,101.89,255.64,554.58,774.36,1,0,0,0
36,1,101.07,259.05,560.98,772.52,1,0,0,0
37,1,99.64,255.69,567.26,776.51,1,0,0,0
38,1,106.12,262.66,560.14,771.45,1,0,0,0
39,1,110.33,271.07,563.77,762.78,1,0,0,0
40,1,110.29,273.05,565.10,761.72,1,0,0,0
41,1,109.49,267.21,571.01,766.21,1,0,0,0
42,1,113.03,275.33,568.44,755.41,1,0,0,0
43,1,127.78,277.07,546.12,757.39,1,0,0,0
44,1,130.41,273.84,550.29,758.11,1,0,0,0
45,1,137.81,273.33,544.12,758.82,1,0,0,0
46,1,182.97,279.94,469.30,764.03,1,0,0,0
47,1,145.71,268.66,541.91,766.55,1,0,0,0
48,1,157.20,271.94,524.79,768.15,1,0,0,0
49,1,164.07,271.57,527.68,764.34,1,0,0,0
50,1,140.90,325.13,503.31,687.21,1,0,0,0
51,1,140.11,320.37,515.17,680.87,1,0,0,0
52,1,139.53,321.48,510.52,677.28,1,0,0,0
53,1,137.91,323.07,491.25,672.00,1,0,0,0
54,1,133.42,322.43,486.05,670.97,1,0,0,0
55,1,130.34,323.50,479.39,669.87,1,0,0,0
56,1,124.64,328.91,494.29,663.33,1,0,0,0
57,1,123.83,327.40,479.58,660.33,1,0,0,0
58,1,125.05,320.74,483.74,661.02,1,0,0,0
59,1,125.09,321.83,484.23,663.23,1,0,0,0
60,1,127.90,315.90,476.73,668.28,1,0,0,0
61,1,120.74,313.27,486.27,670.02,1,0,0,0
62,1,125.12,309.12,478.94,678.57,1,0,0,0
63,1,126.30,308.23,471.13,679.63,1,0,0,0
64,1,116.58,308.69,478.83,679.61,1,0,0,0
65,1,111.23,310.00,485.23,682.11,1,0,0,0
66,1,106.68,313.39,491.49,682.80,1,0,0,0
67,1,105.98,317.17,492.99,678.71,1,0,0,0
68,1,103.50,318.86,497.58,676.87,1,0,0,0
69,1,102.76,320.25,494.99,676.62,1,0,0,0
70,1,98.56,318.85,500.38,681.59,1,0,0,0
71,1,96.43,316.90,501.39,686.48,1,0,0,0
72,1,101.04,315.10,498.52,689.43,1,0,0,0
73,1,98.19,309.19,498.66,699.25,1,0,0,0
74,1,97.36,305.61,501.85,706.46,1,0,0,0
75,1,98.72,293.37,505.84,715.96,1,0,0,0
76,1,98.64,281.90,511.66,727.51,1,0,0,0
77,1,96.78,259.86,525.53,751.67,1,0,0,0
78,1,96.40,258.82,528.06,752.39,1,0,0,0
79,1,95.78,261.73,532.31,752.74,1,0,0,0
80,1,94.94,254.65,540.59,761.54,1,0,0,0
81,1,98.33,260.20,543.14,762.93,1,0,0,0
82,1,101.13,260.99,547.27,764.66,1,0,0,0
83,1,104.25,259.36,550.49,767.64,1,0,0,0
84,1,102.15,264.11,557.73,764.49,1,0,0,0
85,1,103.87,263.66,559.80,766.37,1,0,0,0
86,1,105.84,256.31,559.45,778.77,1,0,0,0
87,1,107.18,268.37,563.22,765.91,1,0,0,0
88,1,109.39,270.88,566.74,761.39,1,0,0,0
89,1,114.89,271.86,561.04,760.98,1,0,0,0
90,1,118.64,269.08,555.70,763.67,1,0,0,0
91,1,230.78,280.39,361.57,769.13,1,0,0,0
92,1,131.75,270.23,543.57,766.89,1,0,0,0
93,1,140.42,274.12,539.42,759.40,1,0,0,0
94,1,142.20,272.60,542.74,762.17,1,0,0,0
95,1,147.00,271.90,538.52,764.20,1,0,0,0
96,1,164.65,273.92,526.85,761.68,1,0,0,0
97,1,165.97,274.02,526.93,761.72,1,0,0,0
98,1,141.38,318.53,496.79,694.47,1,0,0,0
99,1,140.71,317.78,506.09,683.74,1,0,0,0
100,1,140.52,322.54,502.31,675.29,1,0,0,0
101,1,137.94,323.18,487.54,672.42,1,0,0,0
102,1,132.86,322.98,483.51,671.53,1,0,0,0
103,1,129.37,324.35,479.63,668.95,1,0,0,0
104,1,123.92,328.60,491.18,662.80,1,0,0,0
105,1,122.61,327.44,481.83,660.09,1,0,0,0
106,1,125.28,323.60,481.15,661.29,1,0,0,0
107,1,123.45,321.21,486.81,661.46,1,0,0,0
108,1,127.97,317.30,478.12,666.62,1,0,0,0
109,1,119.51,315.50,487.81,666.69,1,0,0,0
110,1,125.36,309.60,478.75,676.42,1,0,0,0
111,1,124.99,309.29,471.79,678.03,1,0,0,0
112,1,116.62,308.74,479.77,679.88,1,0,0,0
113,1,111.14,310.55,486.49,680.05,1,0,0,0
114,1,107.48,313.15,490.38,682.84,1,0,0,0
115,1,102.83,319.50,497.94,676.99,1,0,0,0
116,1,102.30,318.60,498.99,677.72,1,0,0,0
117,1,101.13,319.47,497.67,678.07,1,0,0,0
118,1,98.72,318.93,501.05,680.71,1,0,0,0
119,1,96.66,317.91,502.12,683.35,1,0,0,0
120,1,98.98,313.37,498.02,692.30,1,0,0,0
121,1,97.91,310.72,498.72,697.17,1,0,0,0
122,1,97.49,307.87,503.46,701.94,1,0,0,0
123,1,98.06,287.75,511.50,721.35,1,0,0,0
124,1,97.79,274.11,519.73,735.18,1,0,0,0
125,1,95.54,257.52,527.54,753.61,1,0,0,0
126,1,95.09,255.40,533.07,756.48,1,0,0,0
127,1,95.12,260.69,534.13,755.62,1,0,0,0
128,1,96.08,259.67,540.89,756.65,1,0,0,0
129,1,96.64,258.63,549.20,763.08,1,0,0,0
130,1,99.16,259.91,553.69,765.16,1,0,0,0
131,1,101.78,257.61,555.05,769.83,1,0,0,0
132,1,98.86,252.80,566.14,775.28,1,0,0,0
133,1,99.10,248.14,568.79,781.55,1,0,0,0
134,1,105.07,254.20,566.72,778.40,1,0,0,0
135,1,105.41,251.73,568.58,781.67,1,0,0,0
136,1,108.98,253.81,567.19,778.24,1,0,0,0
137,1,117.49,268.27,550.80,766.98,1,0,0,0
138,1,121.03,273.79,556.36,758.88,1,0,0,0
139,1,127.13,274.23,551.54,756.26,1,0,0,0
140,1,134.56,273.78,544.56,756.30,1,0,0,0
141,1,139.44,272.16,539.78,759.50,1,0,0,0
142,1,145.14,271.99,538.21,761.72,1,0,0,0
143,1,153.12,271.20,531.46,763.59,1,0,0,0
144,1,164.32,271.78,521.77,765.65,1,0,0,0
145,1,172.87,271.53,512.80,767.47,1,0,0,0
146,1,139.90,324.19,506.58,686.81,1,0,0,0
147,1,139.70,309.31,504.97,693.43,1,0,0,0
148,1,138.04,317.96,501.85,683.40,1,0,0,0
149,1,137.26,319.74,502.31,680.93,1,0,0,0
150,1,136.94,320.78,502.15,679.23,1,0,0,0
151,1,136.82,322.85,507.90,675.76,1,0,0,0
152,1,136.88,323.20,507.33,674.07,1,0,0,0
153,1,135.90,322.49,509.66,673.27,1,0,0,0
154,1,135.86,322.27,509.61,672.38,1,0,0,0
155,1,135.79,322.48,509.73,672.46,1,0,0,0
156,1,135.11,322.47,510.63,672.61,1,0,0,0
157,1,135.86,323.31,494.99,670.13,1,0,0,0
158,1,136.40,323.28,493.06,669.59,1,0,0,0
159,1,136.21,323.23,493.03,669.43,1,0,0,0
160,1,136.29,323.30,492.73,669.30,1,0,0,0
161,1,131.52,323.06,483.01,668.04,1,0,0,0
162,1,132.46,323.17,481.65,667.71,1,0,0,0
163,1,132.54,323.36,481.59,667.56,1,0,0,0
164,1,130.20,325.16,477.67,664.70,1,0,0,0
165,1,129.97,325.10,477.47,666.13,1,0,0,0
166,1,129.35,324.68,478.03,665.55,1,0,0,0
167,1,125.38,328.82,490.81,659.61,1,0,0,0
168,1,124.91,328.94,491.83,659.80,1,0,0,0
169,1,124.93,329.32,492.18,659.59,1,0,0,0
170,1,124.79,329.47,492.46,659.32,1,0,0,0
171,1,121.25,327.66,481.87,657.53,1,0,0,0
172,1,123.55,327.16,481.07,657.17,1,0,0,0
173,1,123.68,327.38,480.44,656.52,1,0,0,0
174,1,125.64,322.84,480.21,660.98,1,0,0,0
175,1,124.43,322.71,482.49,661.71,1,0,0,0
176,1,123.85,322.50,483.19,661.97,1,0,0,0
177,1,123.83,322.43,483.27,662.01,1,0,0,0
178,1,119.98,320.18,490.14,660.09,1,0,0,0
179,1,119.67,320.54,490.36,662.67,1,0,0,0
180,1,121.21,320.56,489.17,661.94,1,0,0,0
181,1,125.74,315.49,480.05,666.32,1,0,0,0
182,1,127.12,315.24,478.14,668.13,1,0,0,0
183,1,126.88,315.29,478.19,668.35,1,0,0,0
184,1,116.77,314.15,493.19,666.44,1,0,0,0
185,1,116.67,314.13,494.88,668.43,1,0,0,0
186,1,117.01,314.31,495.10,668.22,1,0,0,0
187,1,116.86,314.43,495.15,668.21,1,0,0,0
188,1,122.29,309.34,483.23,676.48,1,0,0,0
189,1,122.40,310.06,481.40,675.95,1,0,0,0
190,1,123.35,309.75,479.98,675.99,1,0,0,0
191,1,120.28,307.72,478.64,678.85,1,0,0,0
192,1,120.70,308.77,477.97,677.60,1,0,0,0
193,1,121.04,309.03,477.29,676.77,1,0,0,0
194,1,114.33,309.56,480.75,677.87,1,0,0,0
195,1,113.76,309.79,482.54,676.72,1,0,0,0
196,1,113.41,309.87,482.85,676.52,1,0,0,0
197,1,113.30,309.90,482.94,676.70,1,0,0,0
198,1,109.34,309.31,486.08,683.07,1,0,0,0
199,1,108.88,309.99,487.74,682.42,1,0,0,0
200,1,108.93,310.01,488.91,681.74,1,0,0,0
201,1,105.88,312.49,491.37,685.22,1,0,0,0
202,1,105.36,312.57,491.76,685.25,1,0,0,0
203,1,105.96,313.02,491.38,684.54,1,0,0,0
204,1,106.66,316.96,489.45,679.51,1,0,0,0
205,1,106.57,316.49,490.18,679.16,1,0,0,0
206,1,106.50,316.95,490.05,678.89,1,0,0,0
207,1,106.33,316.65,490.47,679.39,1,0,0,0
208,1,103.36,319.47,494.60,677.05,1,0,0,0
209,1,103.62,318.91,494.49,678.67,1,0,0,0
210,1,102.11,319.67,494.04,677.99,1,0,0,0
211,1,101.05,319.05,495.14,679.85,1,0,0,0
212,1,100.76,319.47,495.26,679.73,1,0,0,0
213,1,100.25,319.68,495.63,679.52,1,0,0,0
214,1,97.18,318.90,499.17,681.56,1,0,0,0
215,1,96.58,318.62,499.28,684.14,1,0,0,0
216,1,95.95,318.45,499.94,684.29,1,0,0,0
217,1,95.82,318.60,499.78,684.32,1,0,0,0
218,1,95.40,317.90,501.71,683.42,1,0,0,0
219,1,95.56,317.57,499.99,688.01,1,0,0,0
220,1,94.78,317.53,501.01,687.99,1,0,0,0
221,1,98.88,313.51,497.93,690.19,1,0,0,0
222,1,98.24,312.75,496.81,693.55,1,0,0,0
223,1,98.05,312.90,497.09,692.85,1,0,0,0
224,1,97.61,310.14,503.88,693.15,1,0,0,0
225,1,94.94,309.50,507.48,696.60,1,0,0,0
226,1,95.27,310.44,508.11,694.41,1,0,0,0
227,1,94.95,310.47,508.58,693.98,1,0,0,0
228,1,95.26,300.41,512.87,703.81,1,0,0,0
229,1,95.82,301.56,515.14,703.07,1,0,0,0
230,1,96.20,294.76,514.90,710.28,1,0,0,0
231,1,97.44,268.39,517.53,736.70,1,0,0,0
232,1,97.64,267.44,518.11,738.25,1,0,0,0
233,1,98.02,266.97,517.24,738.79,1,0,0,0
234,1,97.20,241.72,523.31,766.18,1,0,0,0
235,1,96.25,241.73,524.67,766.43,1,0,0,0
236,1,96.33,243.22,523.77,765.09,1,0,0,0
237,1,96.39,244.35,523.12,764.46,1,0,0,0
238,1,96.44,238.19,528.04,771.41,1,0,0,0
239,1,96.30,239.31,529.65,770.46,1,0,0,0
240,1,96.51,239.59,529.48,770.36,1,0,0,0
241,1,96.73,239.75,533.13,770.53,1,0,0,0
242,1,96.89,239.73,533.63,770.17,1,0,0,0
243,1,97.03,240.40,533.30,769.43,1,0,0,0
244,1,95.60,240.67,539.82,773.09,1,0,0,0
245,1,95.98,241.85,538.80,774.90,1,0,0,0
246,1,96.24,241.68,538.88,774.90,1,0,0,0
247,1,96.81,242.27,538.42,774.33,1,0,0,0
248,1,97.46,254.60,541.43,762.62,1,0,0,0
249,1,97.31,255.40,540.30,763.27,1,0,0,0
250,1,97.99,255.81,539.74,761.97,1,0,0,0
251,1,97.79,254.44,547.66,766.81,1,0,0,0
252,1,97.99,253.32,548.96,768.07,1,0,0,0
253,1,98.52,253.66,548.62,767.29,1,0,0,0
254,1,100.01,255.29,551.23,769.71,1,0,0,0
255,1,100.88,255.42,551.38,770.10,1,0,0,0
256,1,101.25,255.46,550.95,769.51,1,0,0,0
257,1,101.62,255.74,550.61,769.26,1,0,0,0
258,1,103.88,251.92,553.25,776.08,1,0,0,0
259,1,101.14,254.19,558.38,772.80,1,0,0,0
260,1,101.24,254.91,558.24,771.83,1,0,0,0
261,1,101.22,256.30,561.15,773.74,1,0,0,0
262,1,101.34,257.00,562.27,773.02,1,0,0,0
263,1,101.76,257.19,562.06,773.12,1,0,0,0
264,1,102.25,256.41,563.80,775.77,1,0,0,0
265,1,102.49,256.50,564.62,775.05,1,0,0,0
266,1,102.60,256.73,564.24,774.86,1,0,0,0
267,1,104.08,255.97,564.63,777.57,1,0,0,0
268,1,105.15,256.73,564.76,777.07,1,0,0,0
269,1,105.67,256.80,564.76,776.83,1,0,0,0
270,1,105.85,256.95,564.33,776.80,1,0,0,0
271,1,108.29,259.51,565.09,773.08,1,0,0,0
272,1,108.08,260.23,565.64,772.84,1,0,0,0
273,1,110.64,260.43,561.17,774.14,1,0,0,0
274,1,114.52,266.08,559.02,767.14,1,0,0,0
275,1,115.47,266.87,558.94,765.75,1,0,0,0
276,1,116.03,267.19,558.46,765.15,1,0,0,0
277,1,116.13,267.40,558.32,764.99,1,0,0,0
278,1,118.41,272.36,555.98,758.64,1,0,0,0
279,1,119.76,271.44,554.14,759.90,1,0,0,0
280,1,121.42,270.92,551.42,761.64,1,0,0,0
281,1,262.60,279.00,377.77,737.39,1,0,0,0
282,1,140.26,273.02,527.30,763.23,1,0,0,0
283,1,277.76,268.13,284.51,785.80,1,0,0,0
284,1,146.80,272.76,516.73,759.45,1,0,0,0
285,1,136.82,271.25,540.11,758.95,1,0,0,0
286,1,130.59,270.54,550.54,758.63,1,0,0,0
287,1,130.51,271.92,546.95,758.71,1,0,0,0
288,1,137.77,271.87,539.90,758.57,1,0,0,0
289,1,138.85,271.58,539.11,758.03,1,0,0,0
290,1,139.83,271.60,537.81,757.74,1,0,0,0
291,1,147.03,270.90,529.12,760.40,1,0,0,0
292,1,147.84,271.14,528.29,759.73,1,0,0,0
293,1,148.22,270.73,527.83,760.54,1,0,0,0
294,1,151.20,270.66,529.08,763.10,1,0,0,0
295,1,151.52,270.24,529.41,763.28,1,0,0,0
296,1,151.80,270.45,528.77,763.49,1,0,0,0
297,1,151.83,270.47,528.80,763.29,1,0,0,0
298,1,159.17,269.80,524.18,764.83,1,0,0,0
299,1,160.22,270.09,523.68,764.19,1,0,0,0
300,1,160.99,270.15,522.68,764.28,1,0,0,0
301,1,253.70,268.85,351.70,758.20,1,0,0,0
302,1,223.25,278.46,420.88,766.58,1,0,0,0
303,1,164.71,266.15,520.41,770.58,1,0,0,0
304,1,171.04,271.10,515.73,763.49,1,0,0,0
305,1,144.61,325.93,502.88,687.95,1,0,0,0
306,1,140.33,325.69,503.04,680.83,1,0,0,0
307,1,139.04,326.67,509.47,676.78,1,0,0,0
308,1,135.91,317.86,511.96,684.49,1,0,0,0
309,1,134.67,311.04,512.04,690.60,1,0,0,0
310,1,134.49,311.10,510.51,690.11,1,0,0,0
311,1,135.90,321.66,513.00,678.74,1,0,0,0
312,1,136.41,323.13,508.99,675.28,1,0,0,0
313,1,136.44,323.16,507.72,675.51,1,0,0,0
314,1,137.24,323.37,509.72,674.12,1,0,0,0
315,1,137.02,323.54,508.83,673.26,1,0,0,0
316,1,137.19,323.45,507.66,673.12,1,0,0,0
317,1,136.21,324.08,492.78,670.17,1,0,0,0
318,1,136.88,323.94,490.75,669.29,1,0,0,0
319,1,136.95,323.92,490.23,669.25,1,0,0,0
320,1,136.80,323.93,490.10,669.18,1,0,0,0
321,1,132.36,323.32,483.01,668.50,1,0,0,0
322,1,132.44,323.89,484.04,667.33,1,0,0,0
323,1,132.95,323.60,482.53,669.21,1,0,0,0
324,1,128.52,324.03,479.22,666.76,1,0,0,0
325,1,128.75,323.96,478.86,667.41,1,0,0,0
326,1,128.82,324.12,478.73,666.69,1,0,0,0
327,1,125.60,326.92,493.82,662.28,1,0,0,0
328,1,125.46,326.98,494.78,662.88,1,0,0,0
329,1,125.76,327.35,494.71,662.14,1,0,0,0
330,1,125.77,327.53,494.71,661.84,1,0,0,0
331,1,122.44,327.30,480.24,657.47,1,0,0,0
332,1,124.41,326.96,479.46,657.42,1,0,0,0
333,1,123.38,327.00,481.04,657.52,1,0,0,0
334,1,124.47,322.75,480.88,661.83,1,0,0,0
335,1,123.63,322.99,483.11,662.24,1,0,0,0
336,1,123.36,322.87,483.13,662.39,1,0,0,0
337,1,123.31,322.99,483.10,662.56,1,0,0,0
338,1,121.67,321.35,487.67,659.40,1,0,0,0
339,1,121.80,321.24,487.82,661.92,1,0,0,0
340,1,121.64,321.16,488.24,662.21,1,0,0,0
341,1,125.86,315.72,478.75,667.38,1,0,0,0
342,1,127.43,315.23,476.83,668.65,1,0,0,0
343,1,126.63,315.39,477.66,668.32,1,0,0,0
344,1,115.99,314.37,494.00,666.46,1,0,0,0
345,1,116.59,314.47,494.54,668.09,1,0,0,0
346,1,116.52,314.42,494.92,667.81,1,0,0,0
347,1,117.04,314.72,494.47,667.50,1,0,0,0
348,1,122.99,309.69,482.00,676.71,1,0,0,0
349,1,123.26,309.73,479.71,676.90,1,0,0,0
350,1,123.42,309.65,479.28,676.38,1,0,0,0
351,1,120.89,308.05,477.34,678.09,1,0,0,0
352,1,121.74,309.41,476.60,675.95,1,0,0,0
353,1,121.48,309.05,477.01,676.07,1,0,0,0
354,1,113.65,308.71,481.76,679.09,1,0,0,0
355,1,114.07,309.12,481.24,678.18,1,0,0,0
356,1,113.90,309.22,481.40,677.40,1,0,0,0
357,1,113.72,309.38,481.34,677.56,1,0,0,0
358,1,109.26,309.10,485.58,682.76,1,0,0,0
359,1,108.64,309.79,487.83,682.19,1,0,0,0
360,1,108.89,310.00,488.37,681.18,1,0,0,0
361,1,106.18,312.67,489.86,683.89,1,0,0,0
362,1,105.88,312.75,491.65,682.66,1,0,0,0
363,1,106.59,313.89,491.60,680.83,1,0,0,0
364,1,107.58,317.93,488.93,675.63,1,0,0,0
365,1,106.82,318.05,489.40,676.32,1,0,0,0
366,1,106.20,317.58,489.93,676.81,1,0,0,0
367,1,105.96,317.54,489.82,676.90,1,0,0,0
368,1,102.75,319.26,494.10,676.84,1,0,0,0
369,1,102.60,318.91,494.49,677.81,1,0,0,0
370,1,102.24,319.06,495.32,676.86,1,0,0,0
371,1,100.93,320.01,495.49,676.21,1,0,0,0
372,1,100.37,320.09,496.02,677.80,1,0,0,0
373,1,99.71,320.21,496.65,677.41,1,0,0,0
374,1,95.68,319.76,500.54,680.27,1,0,0,0
375,1,95.47,319.35,500.57,683.20,1,0,0,0
376,1,95.41,319.47,500.89,682.79,1,0,0,0
377,1,95.31,319.66,500.84,682.84,1,0,0,0
378,1,94.19,318.90,502.63,682.84,1,0,0,0
379,1,93.86,318.27,501.10,687.86,1,0,0,0
380,1,93.90,318.74,501.38,686.65,1,0,0,0
381,1,97.67,315.26,501.25,687.41,1,0,0,0
382,1,97.37,313.81,499.17,694.09,1,0,0,0
383,1,97.46,314.17,499.35,693.59,1,0,0,0
384,1,95.60,310.77,499.99,697.17,1,0,0,0
385,1,93.48,310.05,502.64,700.34,1,0,0,0
386,1,93.37,310.00,502.77,699.53,1,0,0,0
387,1,93.54,310.26,502.63,699.35,1,0,0,0
388,1,93.78,302.67,510.80,705.38,1,0,0,0
389,1,94.54,302.79,511.76,705.71,1,0,0,0
390,1,94.40,304.43,510.61,704.21,1,0,0,0
391,1,95.88,278.60,513.83,730.12,1,0,0,0
392,1,95.69,278.67,514.79,731.02,1,0,0,0
393,1,96.48,279.21,515.19,729.27,1,0,0,0
394,1,95.94,266.47,521.66,742.57,1,0,0,0
395,1,94.52,258.75,524.46,750.83,1,0,0,0
396,1,94.41,254.48,524.80,755.43,1,0,0,0
397,1,94.03,249.96,525.10,759.83,1,0,0,0
398,1,94.13,231.97,531.03,778.89,1,0,0,0
399,1,93.42,231.53,533.23,779.95,1,0,0,0
400,1,93.56,232.04,532.69,779.39,1,0,0,0
401,1,93.29,231.50,536.83,780.03,1,0,0,0
402,1,94.30,232.45,536.05,779.39,1,0,0,0
403,1,94.07,231.14,536.20,781.23,1,0,0,0
404,1,91.45,230.22,541.70,786.13,1,0,0,0
405,1,90.75,230.18,543.22,786.60,1,0,0,0
406,1,90.74,230.49,543.17,786.38,1,0,0,0
407,1,90.97,230.49,543.10,786.53,1,0,0,0
408,1,91.61,240.48,547.04,777.84,1,0,0,0
409,1,92.68,241.53,545.87,777.88,1,0,0,0
410,1,92.51,242.15,545.14,777.97,1,0,0,0
411,1,93.75,244.94,551.54,778.80,1,0,0,0
412,1,93.31,243.41,552.85,780.32,1,0,0,0
413,1,93.54,244.39,552.81,779.21,1,0,0,0
414,1,96.64,248.05,554.70,778.45,1,0,0,0
415,1,98.31,248.63,553.86,778.74,1,0,0,0
416,1,98.98,249.87,553.36,777.10,1,0,0,0
417,1,99.28,250.36,552.97,776.76,1,0,0,0
418,1,101.18,250.09,554.24,779.51,1,0,0,0
419,1,98.22,250.39,558.82,778.12,1,0,0,0
420,1,98.07,250.66,558.80,778.46,1,0,0,0
421,1,99.15,250.85,560.57,781.51,1,0,0,0
422,1,98.71,252.31,562.37,779.80,1,0,0,0
423,1,99.44,252.12,561.54,780.37,1,0,0,0
424,1,99.72,251.55,563.83,783.12,1,0,0,0
425,1,100.34,252.09,564.73,781.85,1,0,0,0
426,1,100.68,252.39,564.12,781.35,1,0,0,0
427,1,100.95,252.84,563.84,780.82,1,0,0,0
428,1,102.39,251.41,564.32,784.54,1,0,0,0
429,1,103.09,251.80,564.42,784.76,1,0,0,0
430,1,103.49,252.03,563.77,784.77,1,0,0,0
431,1,105.85,252.17,562.54,784.72,1,0,0,0
432,1,105.58,252.81,563.40,784.62,1,0,0,0
433,1,105.66,252.05,563.23,785.75,1,0,0,0
434,1,108.81,255.12,562.94,781.91,1,0,0,0
435,1,109.36,255.58,563.48,781.96,1,0,0,0
436,1,109.52,255.65,563.37,781.78,1,0,0,0
437,1,109.55,255.64,563.13,782.11,1,0,0,0
438,1,115.31,266.91,555.68,770.18,1,0,0,0
439,1,118.36,268.96,550.66,768.21,1,0,0,0
440,1,120.80,269.75,546.93,768.06,1,0,0,0
441,1,178.87,273.02,442.46,751.34,1,0,0,0
442,1,128.89,274.25,540.06,758.65,1,0,0,0
443,1,181.01,271.77,437.96,752.67,1,0,0,0
444,1,200.72,279.92,417.61,764.33,1,0,0,0
445,1,129.41,266.84,543.84,768.17,1,0,0,0
446,1,130.19,270.22,546.76,762.65,1,0,0,0
447,1,131.60,271.00,544.38,761.05,1,0,0,0
448,1,136.24,271.51,538.82,760.49,1,0,0,0
449,1,282.78,284.74,285.68,768.24,1,0,0,0
450,1,135.99,268.18,534.36,768.09,1,0,0,0
451,1,144.57,270.89,531.13,763.71,1,0,0,0
452,1,145.14,270.27,531.55,763.71,1,0,0,0
453,1,144.28,270.07,533.11,763.45,1,0,0,0
454,1,143.55,270.09,535.26,766.74,1,0,0,0
455,1,235.15,280.79,377.66,769.42,1,0,0,0
456,1,144.83,266.74,533.00,771.24,1,0,0,0
457,1,245.30,280.70,358.83,770.81,1,0,0,0
458,1,152.16,265.57,528.02,773.80,1,0,0,0
459,1,251.05,274.16,375.88,755.30,1,0,0,0
460,1,151.89,273.81,529.94,762.72,1,0,0,0
461,1,157.83,269.45,527.27,768.01,1,0,0,0
462,1,158.14,270.75,528.66,764.74,1,0,0,0
463,1,159.79,271.82,525.92,764.19,1,0,0,0
464,1,174.01,271.46,509.83,766.03,1,0,0,0
465,1,172.84,271.26,512.62,764.65,1,0,0,0
466,1,144.52,324.71,501.40,687.93,1,0,0,0
467,1,140.34,324.69,512.21,678.82,1,0,0,0
468,1,136.43,317.36,512.00,684.50,1,0,0,0
469,1,134.16,309.92,512.72,691.47,1,0,0,0
470,1,134.34,312.77,509.75,687.71,1,0,0,0
471,1,136.29,322.21,508.10,676.19,1,0,0,0
472,1,136.76,322.70,507.61,674.63,1,0,0,0
473,1,136.40,322.32,505.94,674.56,1,0,0,0
474,1,137.56,322.22,506.45,673.21,1,0,0,0
475,1,137.42,322.70,505.64,672.41,1,0,0,0
476,1,137.17,322.61,505.44,672.45,1,0,0,0
477,1,137.50,323.41,491.44,669.47,1,0,0,0
478,1,138.38,323.25,489.11,668.78,1,0,0,0
479,1,138.06,323.30,488.82,668.56,1,0,0,0
480,1,137.97,323.54,488.71,668.40,1,0,0,0
481,1,133.77,323.57,480.96,667.17,1,0,0,0
482,1,134.08,324.11,481.05,666.17,1,0,0,0
483,1,135.05,323.99,479.49,666.98,1,0,0,0
484,1,130.03,323.89,479.90,666.13,1,0,0,0
485,1,129.57,324.15,480.42,666.54,1,0,0,0
486,1,129.76,324.24,480.61,666.20,1,0,0,0
487,1,125.35,326.93,493.32,661.68,1,0,0,0
488,1,125.63,327.06,493.86,661.98,1,0,0,0
489,1,125.35,327.25,494.28,661.64,1,0,0,0
490,1,125.26,327.27,494.40,661.43,1,0,0,0
491,1,123.09,326.63,478.84,658.00,1,0,0,0
492,1,125.10,326.49,478.49,656.66,1,0,0,0
493,1,125.19,326.62,478.43,657.70,1,0,0,0
494,1,125.41,322.13,479.48,662.21,1,0,0,0
495,1,124.72,321.90,481.43,662.77,1,0,0,0
496,1,124.66,322.09,481.77,662.51,1,0,0,0
497,1,124.26,322.08,481.93,662.68,1,0,0,0
498,1,123.06,320.32,485.97,660.45,1,0,0,0
499,1,123.30,320.29,485.80,662.39,1,0,0,0
500,1,123.05,320.26,486.36,662.45,1,0,0,0
501,1,126.30,315.36,478.10,667.12,1,0,0,0
502,1,126.96,314.42,477.63,669.22,1,0,0,0
503,1,127.27,314.93,477.49,668.93,1,0,0,0
504,1,119.10,313.92,488.39,666.86,1,0,0,0
505,1,118.66,313.41,489.63,668.91,1,0,0,0
506,1,118.97,313.55,489.91,668.64,1,0,0,0
507,1,119.15,313.62,489.99,668.62,1,0,0,0
508,1,123.58,308.16,480.86,678.77,1,0,0,0
509,1,124.22,308.98,478.69,677.61,1,0,0,0
510,1,124.16,308.88,478.65,677.32,1,0,0,0
511,1,122.67,307.89,473.55,678.78,1,0,0,0
512,1,122.96,308.55,472.85,678.75,1,0,0,0
513,1,122.66,308.49,473.92,677.53,1,0,0,0
514,1,114.12,308.76,481.10,678.81,1,0,0,0
515,1,114.85,309.23,480.38,678.37,1,0,0,0
516,1,114.43,309.26,480.83,677.80,1,0,0,0
517,1,114.37,309.43,480.59,677.53,1,0,0,0
518,1,109.56,308.56,485.10,683.00,1,0,0,0
519,1,108.94,309.01,487.02,682.69,1,0,0,0
520,1,109.04,309.30,487.33,681.84,1,0,0,0
521,1,106.76,312.66,489.19,683.79,1,0,0,0
522,1,106.35,313.03,491.07,682.23,1,0,0,0
523,1,106.45,313.82,491.36,680.90,1,0,0,0
524,1,107.70,317.80,488.57,676.34,1,0,0,0
525,1,107.49,317.30,489.60,676.05,1,0,0,0
526,1,107.07,317.33,489.80,675.89,1,0,0,0
527,1,106.77,317.40,489.89,675.96,1,0,0,0
528,1,103.65,318.94,494.02,676.09,1,0,0,0
529,1,103.10,318.73,494.67,676.99,1,0,0,0
530,1,103.15,318.77,494.88,676.44,1,0,0,0
531,1,101.90,319.28,494.63,677.53,1,0,0,0
532,1,101.38,319.31,495.33,678.35,1,0,0,0
533,1,100.63,318.78,495.79,679.39,1,0,0,0
534,1,96.53,319.77,499.58,680.54,1,0,0,0
535,1,95.91,318.54,500.17,684.21,1,0,0,0
536,1,95.75,318.75,500.00,684.20,1,0,0,0
537,1,95.78,319.18,499.78,683.81,1,0,0,0
538,1,94.32,318.04,501.91,683.57,1,0,0,0
539,1,94.66,317.53,499.74,688.75,1,0,0,0
540,1,94.17,317.82,500.30,688.32,1,0,0,0
541,1,97.13,314.58,501.46,688.14,1,0,0,0
542,1,98.15,314.25,499.87,691.58,1,0,0,0
543,1,97.83,314.37,500.10,692.00,1,0,0,0
544,1,95.08,310.73,500.73,695.58,1,0,0,0
545,1,93.10,309.97,502.77,699.29,1,0,0,0
546,1,92.92,310.21,503.03,698.61,1,0,0,0
547,1,93.17,310.55,502.66,698.24,1,0,0,0
548,1,93.84,306.88,506.44,701.78,1,0,0,0
549,1,94.09,306.03,507.50,703.39,1,0,0,0
550,1,94.31,306.37,506.93,702.01,1,0,0,0
551,1,94.96,285.08,513.38,721.74,1,0,0,0
552,1,95.70,284.57,513.19,722.98,1,0,0,0
553,1,95.78,282.85,515.28,723.44,1,0,0,0
554,1,95.99,271.29,522.24,734.71,1,0,0,0
555,1,94.29,268.69,525.06,737.10,1,0,0,0
556,1,93.26,259.79,526.63,746.28,1,0,0,0
557,1,92.76,252.19,527.60,754.05,1,0,0,0
558,1,91.49,228.20,535.53,779.34,1,0,0,0
559,1,91.39,226.56,536.92,782.51,1,0,0,0
560,1,91.59,227.08,536.35,782.03,1,0,0,0
561,1,92.54,227.53,540.09,781.69,1,0,0,0
562,1,94.69,230.83,534.76,779.13,1,0,0,0
563,1,95.57,231.57,534.29,777.94,1,0,0,0
564,1,92.56,231.11,540.79,783.16,1,0,0,0
565,1,92.28,231.94,541.78,782.25,1,0,0,0
566,1,92.59,233.00,541.35,781.40,1,0,0,0
567,1,92.72,233.88,540.96,780.80,1,0,0,0
568,1,93.47,246.01,545.05,770.35,1,0,0,0
569,1,93.82,246.88,545.29,770.30,1,0,0,0
570,1,94.03,248.00,544.70,769.30,1,0,0,0
571,1,94.35,249.17,552.07,771.80,1,0,0,0
572,1,95.21,249.37,552.97,772.07,1,0,0,0
573,1,96.45,250.69,552.03,769.86,1,0,0,0
574,1,98.80,251.65,554.40,772.39,1,0,0,0
575,1,100.19,252.72,553.09,774.63,1,0,0,0
576,1,100.32,253.09,552.97,773.79,1,0,0,0
577,1,100.85,253.53,552.20,773.09,1,0,0,0
578,1,102.63,252.71,553.43,777.00,1,0,0,0
579,1,99.61,253.01,558.62,775.66,1,0,0,0
580,1,99.71,252.98,558.67,775.37,1,0,0,0
581,1,99.87,254.89,561.77,775.94,1,0,0,0
582,1,100.51,256.42,561.97,774.75,1,0,0,0
583,1,101.04,256.17,561.64,774.49,1,0,0,0
584,1,101.86,254.54,562.38,778.49,1,0,0,0
585,1,102.29,254.33,563.18,778.02,1,0,0,0
586,1,103.10,254.97,562.66,776.92,1,0,0,0
587,1,103.24,255.28,562.27,777.00,1,0,0,0
588,1,103.82,252.67,561.79,782.48,1,0,0,0
589,1,104.65,252.92,562.07,782.10,1,0,0,0
590,1,105.04,253.11,561.71,782.07,1,0,0,0
591,1,106.09,253.38,563.40,781.56,1,0,0,0
592,1,106.02,254.63,565.51,780.42,1,0,0,0
593,1,105.87,254.75,565.92,780.31,1,0,0,0
594,1,110.91,259.84,563.60,773.83,1,0,0,0
595,1,111.32,260.75,563.88,773.48,1,0,0,0
596,1,111.77,260.66,563.64,773.00,1,0,0,0
597,1,112.02,261.04,563.31,772.76,1,0,0,0
598,1,116.18,269.21,555.83,765.17,1,0,0,0
599,1,117.80,270.16,554.19,763.60,1,0,0,0
600,1,118.75,270.45,552.95,763.31,1,0,0,0
601,1,202.37,267.58,493.79,772.92,1,0,0,0
602,1,129.06,275.05,534.07,759.75,1,0,0,0
603,1,131.17,271.30,538.99,766.15,1,0,0,0
604,1,127.71,270.36,550.31,761.26,1,0,0,0
605,1,131.24,273.21,539.50,763.28,1,0,0,0
606,1,130.07,272.38,540.55,764.33,1,0,0,0
607,1,130.48,272.41,540.27,764.03,1,0,0,0
608,1,130.65,270.69,545.13,764.06,1,0,0,0
609,1,132.80,270.92,543.48,763.07,1,0,0,0
610,1,133.34,270.53,543.32,763.03,1,0,0,0
611,1,144.79,271.10,530.98,762.68,1,0,0,0
612,1,145.14,270.17,530.57,763.46,1,0,0,0
613,1,145.44,270.43,530.42,762.90,1,0,0,0
614,1,197.16,277.48,443.49,768.37,1,0,0,0
615,1,144.15,267.47,535.04,768.39,1,0,0,0
616,1,270.22,273.06,357.23,780.56,1,0,0,0
617,1,164.46,272.30,501.82,763.05,1,0,0,0
618,1,159.85,268.31,522.90,767.10,1,0,0,0
619,1,298.09,282.44,274.85,774.29,1,0,0,0
620,1,160.86,267.17,515.66,769.92,1,0,0,0
621,1,165.12,268.12,513.57,773.28,1,0,0,0
622,1,163.32,269.81,519.81,766.06,1,0,0,0
623,1,167.20,269.94,516.91,767.18,1,0,0,0
624,1,173.25,270.39,512.89,763.68,1,0,0,0
625,1,178.62,271.32,503.62,766.49,1,0,0,0
364,16,74.35,656.00,115.18,281.31,1,0,0,0
365,16,74.59,657.74,114.59,280.32,1,0,0,0
366,16,75.19,658.86,113.16,277.08,1,0,0,0
367,16,75.08,658.20,113.43,277.78,1,0,0,0
368,16,75.43,657.95,113.99,278.41,1,0,0,0
369,16,75.46,657.26,114.42,279.69,1,0,0,0
370,16,75.64,656.97,114.90,280.54,1,0,0,0
371,16,76.03,656.75,114.57,282.39,1,0,0,0
372,16,76.30,657.16,113.85,282.37,1,0,0,0
373,16,76.56,656.99,113.50,282.58,1,0,0,0
374,16,76.73,657.47,112.44,282.20,1,0,0,0
375,16,76.89,657.72,111.58,281.61,1,0,0,0
376,16,77.03,657.79,111.02,281.28,1,0,0,0
377,16,77.14,657.63,110.65,281.35,1,0,0,0
378,16,77.43,657.34,110.94,281.90,1,0,0,0
379,16,77.63,657.31,110.75,281.81,1,0,0,0
380,16,77.73,657.17,110.51,281.70,1,0,0,0
381,16,77.77,657.43,110.13,281.68,1,0,0,0
382,16,76.97,659.32,109.07,279.25,1,0,0,0
383,16,77.21,660.17,108.77,277.87,1,0,0,0
384,16,77.96,660.59,108.36,276.40,1,0,0,0
385,16,77.99,660.02,108.48,277.23,1,0,0,0
386,16,77.98,659.98,108.43,277.20,1,0,0,0
387,16,77.98,659.94,108.39,277.16,1,0,0,0
388,16,78.27,660.40,107.34,275.83,1,0,0,0
389,16,78.43,660.43,106.80,275.40,1,0,0,0
390,16,78.59,660.58,106.54,274.71,1,0,0,0
391,16,78.64,660.65,107.02,273.44,1,0,0,0
392,16,78.89,660.38,106.71,273.09,1,0,0,0
393,16,79.01,660.16,106.50,272.71,1,0,0,0
394,16,79.70,660.56,106.14,272.12,1,0,0,0
395,16,79.83,660.71,105.82,271.20,1,0,0,0
396,16,79.88,660.89,105.49,270.20,1,0,0,0
397,16,79.93,660.88,105.26,269.67,1,0,0,0
398,16,80.20,660.96,104.95,269.38,1,0,0,0
399,16,80.60,659.45,105.80,271.28,1,0,0,0
400,16,80.90,659.29,105.92,271.39,1,0,0,0
401,16,81.39,658.84,105.80,272.36,1,0,0,0
402,16,81.69,658.88,105.54,272.42,1,0,0,0
403,16,81.71,658.79,105.62,272.27,1,0,0,0
404,16,82.08,658.87,106.38,272.25,1,0,0,0
405,16,82.05,658.85,106.48,272.32,1,0,0,0
406,16,82.04,658.90,106.48,272.21,1,0,0,0
407,16,82.05,658.96,106.41,271.99,1,0,0,0
408,16,82.14,659.21,106.02,271.81,1,0,0,0
409,16,81.84,660.93,104.96,269.14,1,0,0,0
410,16,81.69,661.00,104.57,268.52,1,0,0,0
411,16,82.42,660.82,105.33,269.10,1,0,0,0
412,16,82.65,659.34,106.40,271.37,1,0,0,0
413,16,82.78,658.92,106.74,272.23,1,0,0,0
414,16,83.21,659.46,106.82,271.80,1,0,0,0
415,16,82.88,660.83,106.07,270.11,1,0,0,0
416,16,82.94,661.14,105.80,269.37,1,0,0,0
417,16,83.09,661.33,105.62,268.88,1,0,0,0
418,16,83.46,661.09,105.75,269.28,1,0,0,0
419,16,83.41,660.65,106.07,270.44,1,0,0,0
420,16,83.55,660.41,106.00,271.19,1,0,0,0
421,16,84.35,659.70,106.25,272.59,1,0,0,0
422,16,84.89,658.56,107.08,274.40,1,0,0,0
423,16,84.97,658.01,107.64,275.66,1,0,0,0
424,16,85.39,657.84,107.74,276.64,1,0,0,0
425,16,85.45,657.46,108.01,277.55,1,0,0,0
426,16,85.55,657.40,108.06,277.79,1,0,0,0
427,16,85.58,657.36,108.12,278.05,1,0,0,0
428,16,86.17,657.43,108.52,278.04,1,0,0,0
429,16,86.44,657.45,108.79,278.41,1,0,0,0
430,16,86.58,657.11,109.24,279.18,1,0,0,0
431,16,86.91,656.42,110.12,281.67,1,0,0,0
432,16,86.71,656.41,110.87,282.89,1,0,0,0
433,16,86.54,655.93,111.34,284.15,1,0,0,0
434,16,86.87,656.06,111.60,284.87,1,0,0,0
435,16,86.70,655.70,111.92,286.14,1,0,0,0
436,16,86.80,655.96,111.97,286.45,1,0,0,0
437,16,86.68,655.89,112.11,286.90,1,0,0,0
438,16,87.08,656.71,111.97,286.34,1,0,0,0
439,16,87.01,656.81,112.13,286.44,1,0,0,0
440,16,86.98,656.75,112.26,286.66,1,0,0,0
441,16,88.03,657.32,110.08,286.16,1,0,0,0
442,16,88.20,657.00,109.82,286.76,1,0,0,0
443,16,88.35,656.98,109.55,287.40,1,0,0,0
444,16,89.05,657.60,109.32,287.16,1,0,0,0
445,16,89.39,657.68,108.90,287.64,1,0,0,0
446,16,89.54,658.19,108.54,286.93,1,0,0,0
447,16,89.63,657.91,108.60,287.49,1,0,0,0
448,16,90.64,658.89,107.53,286.48,1,0,0,0
449,16,91.00,659.59,106.99,284.93,1,0,0,0
450,16,91.21,659.00,107.00,285.60,1,0,0,0
451,16,91.54,658.74,107.12,286.77,1,0,0,0
452,16,92.08,659.30,106.80,286.04,1,0,0,0
453,16,91.88,658.79,107.07,286.95,1,0,0,0
454,16,92.48,659.00,107.69,287.38,1,0,0,0
455,16,92.78,658.97,107.79,287.81,1,0,0,0
456,16,92.95,658.91,107.74,288.11,1,0,0,0
457,16,93.11,658.85,108.18,288.16,1,0,0,0
458,16,94.40,659.55,108.82,288.28,1,0,0,0
459,16,94.34,659.10,108.95,289.05,1,0,0,0
460,16,94.72,659.10,109.80,289.14,1,0,0,0
461,16,95.47,659.40,109.21,289.33,1,0,0,0
462,16,95.70,659.42,109.19,289.72,1,0,0,0
463,16,95.82,659.32,109.28,290.02,1,0,0,0
464,16,96.18,659.68,109.58,290.73,1,0,0,0
465,16,96.11,660.22,109.69,291.04,1,0,0,0
466,16,65.35,656.49,104.34,287.87,1,0,0,0
467,16,58.00,657.96,101.14,288.42,1,0,0,0
468,16,56.51,659.83,100.43,286.82,1,0,0,0
469,16,56.34,659.51,99.92,286.30,1,0,0,0
470,16,55.94,659.74,99.53,284.36,1,0,0,0
471,16,55.16,658.47,100.28,286.26,1,0,0,0
472,16,54.28,658.67,100.31,286.15,1,0,0,0
473,16,53.57,658.66,100.72,287.17,1,0,0,0
474,16,54.20,658.15,100.88,287.58,1,0,0,0
475,16,54.39,658.26,100.79,287.29,1,0,0,0
476,16,54.33,658.05,100.96,287.55,1,0,0,0
477,16,56.89,657.83,101.00,286.63,1,0,0,0
478,16,56.82,657.94,101.30,286.59,1,0,0,0
479,16,56.71,657.80,101.52,286.84,1,0,0,0
480,16,56.55,657.83,101.77,286.89,1,0,0,0
481,16,57.27,657.53,102.15,288.33,1,0,0,0
482,16,57.21,657.51,102.34,288.50,1,0,0,0
483,16,57.28,657.48,102.71,288.02,1,0,0,0
484,16,57.45,655.88,103.92,291.38,1,0,0,0
485,16,57.60,655.41,104.29,292.39,1,0,0,0
486,16,57.76,655.19,104.53,293.01,1,0,0,0
487,16,58.11,654.92,104.51,293.58,1,0,0,0
488,16,58.00,654.81,104.55,294.23,1,0,0,0
489,16,57.91,654.80,104.74,294.85,1,0,0,0
490,16,57.89,654.75,104.92,295.34,1,0,0,0
491,16,58.72,654.43,105.58,295.83,1,0,0,0
492,16,59.12,654.31,106.23,296.17,1,0,0,0
493,16,59.21,654.10,106.01,296.82,1,0,0,0
494,16,60.11,653.44,106.93,298.21,1,0,0,0
495,16,60.43,652.98,107.28,298.93,1,0,0,0
496,16,60.70,653.04,107.49,299.40,1,0,0,0
497,16,60.73,652.76,107.80,300.17,1,0,0,0
498,16,61.97,651.97,107.95,301.04,1,0,0,0
499,16,62.32,651.27,108.31,302.50,1,0,0,0
500,16,62.34,650.87,108.54,303.32,1,0,0,0
501,16,63.11,650.82,109.65,304.05,1,0,0,0
502,16,63.29,650.84,109.75,304.77,1,0,0,0
503,16,63.34,650.73,110.65,305.65,1,0,0,0
504,16,64.39,649.64,110.59,307.89,1,0,0,0
505,16,64.81,649.32,110.09,308.38,1,0,0,0
506,16,64.94,649.24,109.89,308.93,1,0,0,0
507,16,64.85,649.10,109.83,309.47,1,0,0,0
508,16,65.48,649.09,110.86,309.67,1,0,0,0
509,16,65.80,648.86,111.45,310.35,1,0,0,0
510,16,65.84,648.59,111.97,311.18,1,0,0,0
511,16,67.74,649.28,112.16,310.22,1,0,0,0
512,16,68.44,648.65,112.66,312.09,1,0,0,0
244,12,83.48,658.85,108.21,277.41,1,0,0,0
245,12,83.06,656.50,109.71,282.56,1,0,0,0
246,12,82.98,657.27,109.74,280.76,1,0,0,0
247,12,82.80,657.62,109.60,279.83,1,0,0,0
248,12,82.93,657.30,110.06,280.52,1,0,0,0
249,12,82.72,657.15,110.40,281.01,1,0,0,0
250,12,82.64,656.70,110.60,281.86,1,0,0,0
251,12,83.40,656.69,110.94,282.66,1,0,0,0
252,12,83.53,657.01,110.82,282.12,1,0,0,0
253,12,83.56,657.08,110.72,281.87,1,0,0,0
254,12,84.02,657.56,109.79,281.38,1,0,0,0
255,12,84.06,657.62,109.58,281.32,1,0,0,0
256,12,84.07,657.60,109.42,281.19,1,0,0,0
257,12,84.05,657.50,109.36,281.34,1,0,0,0
258,12,84.39,657.13,110.03,282.41,1,0,0,0
259,12,84.58,656.77,110.13,283.42,1,0,0,0
260,12,84.72,656.88,110.03,283.26,1,0,0,0
261,12,85.30,656.61,110.05,284.12,1,0,0,0
262,12,85.57,656.57,109.93,284.34,1,0,0,0
263,12,85.66,656.55,109.82,284.45,1,0,0,0
264,12,86.12,656.40,109.72,284.64,1,0,0,0
265,12,86.26,656.31,109.72,284.91,1,0,0,0
266,12,86.40,656.44,109.54,284.79,1,0,0,0
267,12,86.56,656.55,109.79,284.49,1,0,0,0
268,12,86.71,656.31,109.95,284.78,1,0,0,0
269,12,86.78,656.15,110.05,285.08,1,0,0,0
270,12,86.80,656.01,110.10,285.29,1,0,0,0
271,12,87.19,655.39,110.52,287.43,1,0,0,0
272,12,87.32,655.51,110.56,287.84,1,0,0,0
273,12,87.40,655.48,110.83,288.08,1,0,0,0
274,12,87.41,656.63,110.29,286.69,1,0,0,0
275,12,87.17,656.72,110.36,286.63,1,0,0,0
276,12,86.98,656.65,110.46,286.88,1,0,0,0
277,12,86.94,656.46,110.57,287.36,1,0,0,0
278,12,87.50,657.02,110.03,286.85,1,0,0,0
279,12,87.50,656.88,110.04,287.41,1,0,0,0
280,12,87.54,656.93,110.03,287.66,1,0,0,0
281,12,88.00,657.52,109.85,287.58,1,0,0,0
282,12,88.25,656.75,110.03,289.41,1,0,0,0
283,12,88.49,657.58,109.66,288.74,1,0,0,0
284,12,89.14,657.79,109.36,289.53,1,0,0,0
285,12,89.28,658.38,108.94,288.70,1,0,0,0
286,12,89.25,658.36,108.86,288.86,1,0,0,0
287,12,89.22,658.22,108.85,289.31,1,0,0,0
288,12,89.83,658.50,108.24,289.70,1,0,0,0
289,12,90.12,658.76,107.95,289.73,1,0,0,0
290,12,90.01,658.52,107.95,290.43,1,0,0,0
291,12,91.45,658.66,108.08,290.86,1,0,0,0
292,12,92.12,658.11,108.12,292.41,1,0,0,0
293,12,92.26,657.90,108.39,293.40,1,0,0,0
294,12,92.89,658.06,109.10,293.98,1,0,0,0
295,12,93.15,657.64,109.48,295.49,1,0,0,0
296,12,93.39,657.68,109.60,295.97,1,0,0,0
297,12,93.52,657.54,109.71,296.55,1,0,0,0
298,12,94.34,657.68,110.82,298.27,1,0,0,0
299,12,94.38,657.57,111.29,299.51,1,0,0,0
300,12,94.13,657.67,111.56,300.29,1,0,0,0
301,12,95.32,659.02,111.34,298.50,1,0,0,0
302,12,95.38,658.27,111.26,299.55,1,0,0,0
303,12,95.41,658.41,111.53,300.03,1,0,0,0
304,12,95.91,658.90,112.13,299.63,1,0,0,0
305,12,63.97,655.93,102.86,292.93,1,0,0,0
306,12,53.78,657.90,101.54,292.93,1,0,0,0
307,12,53.22,659.46,101.33,292.35,1,0,0,0
308,12,53.06,659.32,100.67,291.12,1,0,0,0
309,12,53.62,659.70,100.25,289.92,1,0,0,0
310,12,53.87,659.53,100.10,289.46,1,0,0,0
311,12,54.15,659.32,99.59,289.38,1,0,0,0
312,12,54.04,659.49,99.33,288.87,1,0,0,0
313,12,54.00,659.26,99.45,289.26,1,0,0,0
314,12,54.70,659.09,98.85,288.31,1,0,0,0
315,12,54.87,659.30,98.51,287.79,1,0,0,0
316,12,55.00,658.90,98.55,288.28,1,0,0,0
317,12,56.28,658.06,97.84,288.11,1,0,0,0
318,12,56.86,657.05,98.59,289.78,1,0,0,0
319,12,56.46,656.77,98.96,290.35,1,0,0,0
320,12,56.48,656.99,99.02,290.20,1,0,0,0
321,12,56.77,656.84,99.70,291.53,1,0,0,0
322,12,56.74,656.47,100.44,292.09,1,0,0,0
323,12,56.74,656.44,100.27,291.92,1,0,0,0
324,12,57.41,656.10,100.91,292.14,1,0,0,0
325,12,57.68,655.97,101.49,292.69,1,0,0,0
326,12,57.83,655.46,102.18,293.85,1,0,0,0
327,12,58.37,654.62,105.06,295.83,1,0,0,0
328,12,58.67,654.07,106.01,297.13,1,0,0,0
329,12,58.88,653.90,106.58,297.70,1,0,0,0
330,12,58.94,653.66,107.22,298.55,1,0,0,0
331,12,59.83,652.41,107.76,300.47,1,0,0,0
332,12,60.08,652.51,107.96,300.46,1,0,0,0
333,12,60.57,651.67,108.69,302.46,1,0,0,0
334,12,61.26,651.86,111.14,303.05,1,0,0,0
335,12,61.33,651.80,111.92,303.28,1,0,0,0
336,12,61.16,651.24,112.64,304.53,1,0,0,0
337,12,61.17,651.06,113.06,305.16,1,0,0,0
338,12,62.18,650.16,114.10,306.99,1,0,0,0
339,12,62.12,649.60,114.88,308.46,1,0,0,0
340,12,62.07,649.57,115.27,308.88,1,0,0,0
341,12,62.84,649.09,115.57,309.97,1,0,0,0
342,12,63.32,649.21,115.95,310.98,1,0,0,0
343,12,63.68,648.57,116.29,312.85,1,0,0,0
344,12,64.65,647.49,116.40,316.13,1,0,0,0
345,12,65.03,647.74,116.12,316.47,1,0,0,0
346,12,65.27,647.69,115.80,316.99,1,0,0,0
347,12,65.23,647.46,115.80,317.75,1,0,0,0
348,12,65.81,648.06,117.68,316.67,1,0,0,0
349,12,65.98,647.48,119.07,317.87,1,0,0,0
350,12,66.01,647.36,119.86,318.49,1,0,0,0
351,12,67.52,647.26,119.36,318.94,1,0,0,0
352,12,68.03,647.15,120.03,319.86,1,0,0,0
353,12,68.40,646.52,120.67,321.76,1,0,0,0
85,8,87.90,654.83,110.90,289.26,1,0,0,0
86,8,88.68,657.07,110.18,286.02,1,0,0,0
87,8,89.08,657.64,110.50,284.51,1,0,0,0
88,8,89.45,656.77,110.68,286.69,1,0,0,0
89,8,89.35,656.92,110.42,287.52,1,0,0,0
90,8,89.69,657.72,110.73,287.04,1,0,0,0
91,8,90.43,658.84,109.79,285.41,1,0,0,0
92,8,91.50,659.63,109.47,284.21,1,0,0,0
93,8,92.75,660.38,108.72,283.56,1,0,0,0
94,8,93.87,660.56,109.54,284.77,1,0,0,0
95,8,94.62,660.02,110.32,286.40,1,0,0,0
96,8,96.70,661.17,111.27,286.53,1,0,0,0
97,8,96.40,660.76,111.76,288.76,1,0,0,0
98,8,62.06,656.32,107.91,287.84,1,0,0,0
99,8,57.01,657.86,104.53,289.39,1,0,0,0
100,8,55.36,658.58,104.22,289.39,1,0,0,0
101,8,56.05,657.87,103.94,290.26,1,0,0,0
102,8,56.44,657.99,103.40,288.69,1,0,0,0
103,8,57.07,657.75,103.83,288.21,1,0,0,0
104,8,58.03,657.41,104.81,288.05,1,0,0,0
105,8,58.56,656.66,105.39,288.26,1,0,0,0
106,8,60.35,656.46,107.20,290.01,1,0,0,0
107,8,61.34,654.31,108.41,293.86,1,0,0,0
108,8,62.89,653.62,108.85,296.10,1,0,0,0
109,8,64.15,652.63,108.71,296.96,1,0,0,0
110,8,65.89,652.60,109.16,297.27,1,0,0,0
111,8,69.18,652.35,110.79,297.61,1,0,0,0
112,8,73.15,651.35,112.85,296.83,1,0,0,0
113,8,75.66,649.88,113.29,296.45,1,0,0,0
114,8,76.38,651.81,110.16,293.13,1,0,0,0
115,8,74.38,654.64,111.35,296.94,1,0,0,0
116,8,75.40,653.10,111.23,296.21,1,0,0,0
117,8,74.83,653.65,110.92,295.28,1,0,0,0
118,8,75.66,652.94,110.33,295.91,1,0,0,0
119,8,76.33,652.80,110.07,295.90,1,0,0,0
120,8,76.44,654.09,109.85,295.14,1,0,0,0
121,8,77.59,653.59,110.02,295.88,1,0,0,0
122,8,78.09,654.53,109.21,293.91,1,0,0,0
123,8,79.13,653.71,109.26,295.75,1,0,0,0
124,8,79.70,654.64,108.98,294.83,1,0,0,0
125,8,80.02,654.32,109.20,294.18,1,0,0,0
126,8,80.54,654.00,109.14,294.17,1,0,0,0
127,8,80.75,653.95,110.14,294.43,1,0,0,0
128,8,81.35,653.90,110.36,294.93,1,0,0,0
129,8,82.16,654.19,111.41,295.11,1,0,0,0
130,8,82.39,654.52,111.61,294.72,1,0,0,0
131,8,83.52,654.64,111.74,294.94,1,0,0,0
132,8,83.67,654.11,111.36,296.83,1,0,0,0
133,8,84.49,654.57,111.15,296.31,1,0,0,0
134,8,85.97,654.30,112.58,298.12,1,0,0,0
135,8,86.16,654.07,112.99,299.19,1,0,0,0
136,8,86.36,654.21,112.51,299.83,1,0,0,0
137,8,86.33,653.85,114.12,301.26,1,0,0,0
138,8,87.55,654.25,113.47,302.24,1,0,0,0
139,8,87.86,654.41,113.26,303.09,1,0,0,0
140,8,89.41,655.00,113.01,303.17,1,0,0,0
141,8,90.70,655.74,113.79,303.27,1,0,0,0
142,8,91.84,656.32,113.48,302.83,1,0,0,0
143,8,92.64,655.99,113.73,305.48,1,0,0,0
144,8,94.00,657.51,112.64,304.46,1,0,0,0
145,8,94.90,658.08,112.38,303.60,1,0,0,0
146,8,61.40,653.44,108.49,300.43,1,0,0,0
147,8,54.19,657.04,106.49,298.36,1,0,0,0
148,8,51.48,657.29,107.09,300.72,1,0,0,0
149,8,51.03,657.52,106.76,300.39,1,0,0,0
150,8,51.38,657.46,106.35,299.43,1,0,0,0
151,8,51.57,656.14,106.03,301.45,1,0,0,0
152,8,51.73,656.39,105.56,300.89,1,0,0,0
153,8,51.91,655.83,104.79,298.07,1,0,0,0
154,8,51.82,656.27,104.42,297.24,1,0,0,0
155,8,51.70,656.35,104.48,297.50,1,0,0,0
156,8,51.63,656.29,104.43,297.56,1,0,0,0
157,8,53.51,655.86,104.26,296.96,1,0,0,0
158,8,54.03,655.72,103.99,296.31,1,0,0,0
159,8,53.97,655.65,103.95,296.06,1,0,0,0
160,8,54.27,655.58,104.17,296.47,1,0,0,0
161,8,54.41,654.76,104.36,298.47,1,0,0,0
162,8,54.63,654.45,104.41,299.14,1,0,0,0
163,8,54.62,654.35,104.50,299.67,1,0,0,0
164,8,54.89,653.86,105.22,300.85,1,0,0,0
165,8,53.83,654.24,105.15,300.72,1,0,0,0
166,8,53.59,654.29,105.24,300.84,1,0,0,0
167,8,54.66,654.02,105.93,300.53,1,0,0,0
168,8,54.95,653.68,106.02,300.55,1,0,0,0
169,8,54.89,653.62,106.17,300.54,1,0,0,0
170,8,54.82,653.48,106.44,300.90,1,0,0,0
171,8,56.57,652.66,107.17,303.15,1,0,0,0
172,8,57.25,652.41,107.36,304.05,1,0,0,0
173,8,58.08,651.83,107.79,305.36,1,0,0,0
174,8,59.03,651.68,109.30,305.99,1,0,0,0
175,8,59.27,650.99,109.86,306.75,1,0,0,0
176,8,59.51,650.76,110.09,307.00,1,0,0,0
177,8,59.76,650.59,110.27,307.40,1,0,0,0
178,8,61.46,649.05,111.92,310.86,1,0,0,0
179,8,61.67,647.86,112.42,314.02,1,0,0,0
180,8,61.99,648.03,112.29,314.56,1,0,0,0
181,8,62.73,647.77,112.37,315.38,1,0,0,0
182,8,63.17,647.53,112.38,315.90,1,0,0,0
183,8,63.37,647.38,112.52,316.59,1,0,0,0
184,8,64.66,646.56,113.48,319.08,1,0,0,0
185,8,64.99,646.43,113.43,320.44,1,0,0,0
186,8,64.98,646.86,113.41,320.65,1,0,0,0
187,8,64.93,646.79,113.50,321.30,1,0,0,0
188,8,66.15,647.17,113.84,320.36,1,0,0,0
189,8,67.17,646.87,113.83,320.16,1,0,0,0
190,8,67.15,646.50,114.58,321.07,1,0,0,0
191,8,69.14,646.39,115.58,322.14,1,0,0,0
192,8,68.90,645.52,117.15,324.78,1,0,0,0
193,8,68.96,645.71,117.80,325.37,1,0,0,0
574,23,84.63,657.12,113.12,285.16,1,0,0,0
575,23,84.81,657.81,113.08,284.99,1,0,0,0
576,23,85.11,659.09,112.43,281.60,1,0,0,0
577,23,84.95,658.64,112.73,282.21,1,0,0,0
578,23,85.38,657.13,113.79,285.46,1,0,0,0
579,23,85.20,656.56,114.29,287.02,1,0,0,0
580,23,85.16,656.81,114.22,286.90,1,0,0,0
581,23,85.27,657.04,113.58,286.48,1,0,0,0
582,23,85.45,656.48,113.37,287.62,1,0,0,0
583,23,85.61,656.68,113.02,287.54,1,0,0,0
584,23,85.71,656.15,113.06,288.34,1,0,0,0
585,23,85.82,656.01,112.92,288.97,1,0,0,0
586,23,85.95,655.94,112.71,289.17,1,0,0,0
587,23,85.91,655.92,112.62,289.23,1,0,0,0
588,23,86.01,655.26,113.78,290.47,1,0,0,0
589,23,85.97,655.09,114.16,290.95,1,0,0,0
590,23,85.91,654.75,114.44,291.46,1,0,0,0
591,23,86.07,654.47,114.62,292.84,1,0,0,0
592,23,86.11,654.00,114.67,294.43,1,0,0,0
593,23,86.36,654.45,114.28,293.91,1,0,0,0
594,23,86.72,655.12,113.61,293.24,1,0,0,0
595,23,86.81,655.30,113.41,293.11,1,0,0,0
596,23,86.79,655.06,113.48,293.58,1,0,0,0
597,23,86.75,654.95,113.48,293.86,1,0,0,0
598,23,86.78,655.46,113.87,293.59,1,0,0,0
599,23,86.77,655.73,113.99,293.44,1,0,0,0
600,23,86.66,655.65,114.11,293.61,1,0,0,0
601,23,87.39,655.79,113.09,294.46,1,0,0,0
602,23,87.42,655.40,112.53,295.33,1,0,0,0
603,23,87.45,655.80,112.04,295.18,1,0,0,0
604,23,87.92,656.92,111.29,293.77,1,0,0,0
605,23,88.16,657.53,110.84,292.43,1,0,0,0
606,23,88.33,657.41,110.73,292.28,1,0,0,0
607,23,88.34,657.13,110.73,292.73,1,0,0,0
608,23,88.57,657.72,110.66,291.86,1,0,0,0
609,23,88.73,658.13,110.42,291.05,1,0,0,0
610,23,88.74,658.20,110.31,290.81,1,0,0,0
611,23,90.23,658.46,109.62,290.39,1,0,0,0
612,23,90.47,657.86,109.33,291.31,1,0,0,0
613,23,91.02,657.76,109.01,291.67,1,0,0,0
614,23,91.62,658.12,110.34,292.30,1,0,0,0
615,23,91.93,657.88,110.55,292.99,1,0,0,0
616,23,92.05,658.25,110.49,292.61,1,0,0,0
617,23,92.15,657.92,110.62,293.24,1,0,0,0
618,23,93.03,658.72,110.48,292.40,1,0,0,0
619,23,93.41,658.46,110.47,293.13,1,0,0,0
620,23,93.78,658.15,110.51,294.17,1,0,0,0
621,23,94.79,659.16,110.35,292.74,1,0,0,0
622,23,94.94,657.81,111.73,296.87,1,0,0,0
623,23,94.98,658.26,111.97,297.90,1,0,0,0
624,23,95.75,659.68,111.92,296.12,1,0,0,0
625,23,96.16,660.10,111.98,296.15,1,0,0,0
1,2,55.82,663.65,100.52,272.07,1,0,0,0
2,2,55.50,662.49,101.24,274.41,1,0,0,0
3,2,55.52,659.72,102.51,279.25,1,0,0,0
4,2,55.26,658.50,103.15,281.21,1,0,0,0
5,2,56.22,659.68,101.72,278.96,1,0,0,0
6,2,56.72,658.03,102.93,282.77,1,0,0,0
7,2,56.66,658.65,103.81,282.83,1,0,0,0
8,2,56.80,657.88,104.03,283.23,1,0,0,0
9,2,57.64,656.50,105.22,286.06,1,0,0,0
10,2,59.52,655.84,106.63,289.27,1,0,0,0
11,2,61.46,653.47,108.40,294.24,1,0,0,0
12,2,63.74,652.40,109.24,295.35,1,0,0,0
13,2,64.47,651.54,110.02,297.20,1,0,0,0
14,2,65.32,652.32,110.73,295.05,1,0,0,0
15,2,67.06,652.38,111.74,294.87,1,0,0,0
16,2,69.17,652.49,114.17,292.69,1,0,0,0
17,2,70.83,650.89,116.03,293.76,1,0,0,0
18,2,71.29,654.04,111.86,289.80,1,0,0,0
19,2,70.84,654.99,112.48,290.23,1,0,0,0
20,2,72.85,654.83,113.16,291.13,1,0,0,0
21,2,73.42,653.58,112.80,292.22,1,0,0,0
22,2,74.10,654.24,112.21,290.17,1,0,0,0
23,2,74.67,653.99,111.67,290.36,1,0,0,0
24,2,75.28,654.57,111.08,290.34,1,0,0,0
25,2,76.38,654.85,110.64,288.65,1,0,0,0
26,2,77.10,655.31,109.99,287.73,1,0,0,0
27,2,77.90,655.04,109.67,287.54,1,0,0,0
28,2,79.98,653.93,110.66,288.54,1,0,0,0
29,2,81.30,653.33,110.51,289.66,1,0,0,0
30,2,81.74,653.60,110.80,290.02,1,0,0,0
31,2,82.14,654.65,110.74,288.51,1,0,0,0
32,2,82.43,654.20,110.86,287.98,1,0,0,0
33,2,83.35,654.85,110.87,286.05,1,0,0,0
34,2,83.92,655.15,111.08,285.25,1,0,0,0
35,2,84.29,654.96,111.08,285.46,1,0,0,0
36,2,84.75,654.27,111.08,287.47,1,0,0,0
37,2,85.58,654.76,110.95,287.46,1,0,0,0
38,2,85.63,655.22,111.03,286.51,1,0,0,0
39,2,86.61,655.14,111.35,288.70,1,0,0,0
40,2,86.31,654.96,112.00,290.23,1,0,0,0
41,2,87.23,655.32,110.76,290.78,1,0,0,0
42,2,88.50,655.70,109.37,290.84,1,0,0,0
43,2,89.31,656.77,108.14,289.13,1,0,0,0
44,2,90.44,657.94,107.22,286.96,1,0,0,0
45,2,91.73,658.56,107.03,286.46,1,0,0,0
46,2,92.63,658.44,108.02,288.17,1,0,0,0
47,2,93.74,658.47,108.49,288.92,1,0,0,0
48,2,94.55,659.82,109.21,288.10,1,0,0,0
49,2,95.30,659.82,109.87,289.26,1,0,0,0
50,2,61.50,655.29,105.66,288.99,1,0,0,0
51,2,56.74,656.34,104.22,292.11,1,0,0,0
52,2,54.70,656.53,104.17,292.93,1,0,0,0
53,2,56.91,656.12,102.33,292.48,1,0,0,0
54,2,57.18,654.84,102.84,294.51,1,0,0,0
55,2,57.40,653.91,103.01,294.49,1,0,0,0
56,2,58.00,653.31,103.85,295.53,1,0,0,0
57,2,59.21,652.84,104.75,295.88,1,0,0,0
58,2,62.36,651.29,107.14,299.74,1,0,0,0
59,2,62.63,649.83,108.49,302.95,1,0,0,0
60,2,64.14,649.17,109.23,304.14,1,0,0,0
61,2,65.31,648.81,110.48,307.05,1,0,0,0
62,2,66.07,648.42,112.56,308.18,1,0,0,0
63,2,67.97,648.94,113.54,307.70,1,0,0,0
398,17,499.78,333.86,87.74,160.67,1,0,0,0
399,17,499.63,333.69,87.88,160.49,1,0,0,0
400,17,499.60,333.76,87.87,159.81,1,0,0,0
401,17,500.03,333.87,87.86,159.54,1,0,0,0
402,17,500.22,333.74,87.96,159.54,1,0,0,0
403,17,500.27,333.88,87.85,159.18,1,0,0,0
404,17,500.63,333.64,88.18,158.99,1,0,0,0
405,17,500.96,333.39,88.37,158.93,1,0,0,0
406,17,501.21,333.73,88.28,158.17,1,0,0,0
407,17,501.28,333.82,88.29,157.70,1,0,0,0
408,17,501.39,333.88,88.49,157.56,1,0,0,0
409,17,501.65,333.97,88.43,157.22,1,0,0,0
410,17,501.54,333.87,88.56,157.06,1,0,0,0
411,17,501.54,333.70,88.54,157.43,1,0,0,0
412,17,501.17,333.50,88.66,157.39,1,0,0,0
413,17,501.07,333.62,88.53,156.90,1,0,0,0
414,17,501.50,334.60,87.99,155.41,1,0,0,0
415,17,501.52,334.46,87.88,155.20,1,0,0,0
416,17,501.49,334.36,87.80,155.02,1,0,0,0
417,17,501.54,334.42,87.71,154.79,1,0,0,0
418,17,501.42,333.41,88.44,156.10,1,0,0,0
419,17,501.23,333.53,88.75,156.23,1,0,0,0
420,17,501.04,333.39,88.94,156.23,1,0,0,0
421,17,500.82,332.67,89.98,156.74,1,0,0,0
422,17,500.99,332.20,90.30,157.19,1,0,0,0
423,17,501.16,332.24,90.22,157.26,1,0,0,0
561,22,501.27,336.64,87.03,154.50,1,0,0,0
562,22,501.31,334.77,87.87,157.20,1,0,0,0
563,22,501.14,333.96,88.47,157.81,1,0,0,0
564,22,501.57,334.01,88.68,157.87,1,0,0,0
565,22,501.77,333.91,88.83,158.07,1,0,0,0
566,22,501.85,333.92,88.85,158.00,1,0,0,0
567,22,501.99,333.91,88.83,157.89,1,0,0,0
568,22,502.42,333.92,88.95,157.94,1,0,0,0
569,22,502.58,334.13,88.89,157.59,1,0,0,0
570,22,502.59,334.12,88.91,157.35,1,0,0,0
571,22,502.64,333.89,89.09,157.56,1,0,0,0
572,22,502.73,333.78,89.11,157.62,1,0,0,0
573,22,502.70,333.78,89.00,157.35,1,0,0,0
574,22,503.01,334.86,88.43,155.85,1,0,0,0
575,22,503.05,335.47,87.88,155.21,1,0,0,0
576,22,502.84,335.49,87.84,154.86,1,0,0,0
577,22,502.80,335.47,87.84,154.60,1,0,0,0
578,22,502.48,334.14,88.75,156.15,1,0,0,0
579,22,502.29,333.97,88.95,156.05,1,0,0,0
580,22,502.19,333.99,89.06,155.83,1,0,0,0
581,22,501.89,333.06,89.92,156.60,1,0,0,0
582,22,502.00,332.70,90.13,157.11,1,0,0,0
583,22,502.36,333.04,89.94,156.69,1,0,0,0
305,14,234.24,416.78,99.29,166.51,1,0,0,0
306,14,231.94,413.17,101.95,166.63,1,0,0,0
307,14,228.09,413.23,105.97,162.27,1,0,0,0
308,14,227.89,413.35,105.74,157.99,1,0,0,0
309,14,228.03,413.72,105.39,155.24,1,0,0,0
310,14,228.18,414.17,104.88,153.36,1,0,0,0
311,14,226.26,414.25,106.78,151.50,1,0,0,0
312,14,225.91,414.60,106.89,149.55,1,0,0,0
313,14,225.50,414.63,107.06,148.32,1,0,0,0
248,13,501.74,336.42,89.04,162.17,1,0,0,0
249,13,501.69,334.51,89.85,164.75,1,0,0,0
250,13,501.67,333.83,90.22,165.10,1,0,0,0
251,13,501.06,333.68,90.84,165.70,1,0,0,0
252,13,500.98,333.66,90.85,165.74,1,0,0,0
253,13,500.96,333.63,90.74,165.63,1,0,0,0
254,13,501.26,334.44,90.26,164.18,1,0,0,0
255,13,501.18,334.50,90.19,163.79,1,0,0,0
256,13,501.06,334.41,90.21,163.65,1,0,0,0
257,13,500.96,334.29,90.23,163.53,1,0,0,0
258,13,500.48,332.90,90.88,165.32,1,0,0,0
259,13,500.34,332.84,90.89,165.13,1,0,0,0
260,13,500.31,332.91,90.65,164.55,1,0,0,0
466,19,234.17,416.09,99.41,170.86,1,0,0,0
467,19,230.22,411.51,103.76,172.02,1,0,0,0
468,19,228.07,412.88,105.81,166.19,1,0,0,0
469,19,227.94,412.85,105.73,162.48,1,0,0,0
470,19,227.67,413.04,105.57,160.04,1,0,0,0
471,19,226.34,412.78,107.07,156.89,1,0,0,0
472,19,225.89,413.28,107.14,154.34,1,0,0,0
473,19,225.62,413.47,107.29,152.84,1,0,0,0
514,20,486.78,337.15,90.17,168.32,1,0,0,0
515,20,486.45,334.04,91.61,173.00,1,0,0,0
516,20,486.17,333.15,92.15,174.36,1,0,0,0
517,20,486.10,333.16,92.10,174.15,1,0,0,0
518,20,486.36,333.69,91.35,171.84,1,0,0,0
519,20,486.44,333.46,91.45,171.20,1,0,0,0
520,20,486.28,333.29,91.63,170.68,1,0,0,0
80,7,500.23,337.24,88.91,159.59,1,0,0,0
81,7,501.18,336.38,89.03,160.33,1,0,0,0
82,7,502.22,338.00,87.91,157.98,1,0,0,0
83,7,501.92,336.58,88.38,159.24,1,0,0,0
84,7,501.71,335.58,89.50,160.52,1,0,0,0
85,7,501.96,335.49,89.82,160.35,1,0,0,0
86,7,501.12,334.96,90.66,161.09,1,0,0,0
87,7,502.82,338.39,87.08,153.66,1,0,0,0
88,7,500.00,335.88,89.77,157.02,1,0,0,0
89,7,499.11,335.39,90.37,157.04,1,0,0,0
90,7,499.69,335.59,89.37,155.20,1,0,0,0
91,7,501.42,330.61,96.38,166.68,1,0,0,0
92,7,506.10,332.10,94.29,163.89,1,0,0,0
448,18,510.03,331.03,92.92,174.75,1,0,0,0
449,18,510.56,330.38,92.73,175.56,1,0,0,0
450,18,510.62,330.30,92.67,174.78,1,0,0,0
451,18,512.00,332.15,91.97,166.69,1,0,0,0
452,18,512.61,332.57,91.85,162.37,1,0,0,0
453,18,512.80,332.48,92.15,161.00,1,0,0,0
33,5,500.50,334.59,90.48,165.38,1,0,0,0
34,5,500.35,334.45,90.84,165.41,1,0,0,0
35,5,499.82,333.35,91.49,166.95,1,0,0,0
36,5,499.64,332.88,92.38,167.94,1,0,0,0
37,5,499.67,333.09,92.46,166.98,1,0,0,0
38,5,499.06,331.72,94.02,168.75,1,0,0,0
39,5,500.18,333.84,92.36,163.10,1,0,0,0
40,5,500.01,333.29,92.82,163.16,1,0,0,0
41,5,499.73,333.27,93.17,163.26,1,0,0,0
42,5,500.13,333.62,92.66,162.37,1,0,0,0
43,5,501.87,327.75,97.03,173.62,1,0,0,0
44,5,506.24,330.21,94.88,170.35,1,0,0,0
354,15,486.98,336.90,89.91,166.96,1,0,0,0
355,15,486.50,333.74,91.13,171.51,1,0,0,0
356,15,486.23,333.29,91.45,172.19,1,0,0,0
357,15,486.03,333.18,91.58,172.07,1,0,0,0
358,15,486.26,333.34,91.16,171.42,1,0,0,0
359,15,486.26,333.31,91.19,170.95,1,0,0,0
360,15,486.12,333.13,91.33,170.57,1,0,0,0
604,24,506.04,327.54,97.28,182.94,1,0,0,0
605,24,506.51,327.35,96.90,183.29,1,0,0,0
606,24,506.77,327.49,96.63,181.60,1,0,0,0
607,24,506.57,327.47,96.75,180.95,1,0,0,0
1,3,235.83,415.96,97.44,165.80,1,0,0,0
2,3,235.69,413.74,98.37,167.19,1,0,0,0
