1,1,261.83,389.87,228.57,169.61,1,0,0,0
2,1,262.60,391.27,228.18,170.08,1,0,0,0
3,1,262.59,391.60,228.52,169.88,1,0,0,0
4,1,262.64,391.82,228.51,169.50,1,0,0,0
5,1,262.43,391.78,228.43,169.69,1,0,0,0
6,1,262.26,391.78,228.40,169.64,1,0,0,0
7,1,262.29,391.73,228.07,169.95,1,0,0,0
8,1,262.27,391.70,228.13,169.42,1,0,0,0
9,1,262.45,391.77,227.89,169.32,1,0,0,0
10,1,262.44,391.75,228.41,169.51,1,0,0,0
11,1,262.62,391.63,228.15,169.27,1,0,0,0
12,1,262.54,391.68,228.02,169.15,1,0,0,0
13,1,262.58,391.75,227.78,169.31,1,0,0,0
14,1,262.66,391.85,227.80,168.96,1,0,0,0
15,1,262.54,391.66,227.87,169.22,1,0,0,0
16,1,262.48,391.55,227.99,169.12,1,0,0,0
17,1,262.29,391.55,228.08,169.27,1,0,0,0
18,1,262.38,391.53,227.57,169.61,1,0,0,0
19,1,262.11,391.90,227.51,169.64,1,0,0,0
20,1,262.08,391.79,227.62,169.48,1,0,0,0
21,1,262.21,391.78,227.67,169.52,1,0,0,0
22,1,262.08,391.79,227.86,169.74,1,0,0,0
23,1,262.18,391.95,227.84,169.72,1,0,0,0
24,1,261.34,392.68,228.44,170.65,1,0,0,0
25,1,261.43,392.57,228.18,170.79,1,0,0,0
26,1,261.65,392.66,228.15,170.63,1,0,0,0
27,1,261.66,392.63,228.26,170.61,1,0,0,0
28,1,262.01,393.04,227.95,170.40,1,0,0,0
29,1,261.94,393.23,228.36,170.48,1,0,0,0
30,1,262.22,393.44,227.94,170.97,1,0,0,0
31,1,262.79,393.49,228.12,172.04,1,0,0,0
32,1,263.11,393.39,227.93,172.29,1,0,0,0
33,1,263.23,393.56,228.02,171.86,1,0,0,0
34,1,263.17,393.53,228.43,172.16,1,0,0,0
35,1,263.15,393.50,228.44,172.00,1,0,0,0
36,1,263.34,393.50,228.43,172.31,1,0,0,0
37,1,263.47,393.52,228.55,172.12,1,0,0,0
38,1,263.65,393.46,228.64,172.33,1,0,0,0
39,1,263.85,393.53,228.49,172.54,1,0,0,0
40,1,263.96,393.64,228.29,172.49,1,0,0,0
41,1,263.87,393.56,228.51,172.45,1,0,0,0
42,1,264.13,393.55,228.43,172.57,1,0,0,0
43,1,264.54,393.40,227.96,172.40,1,0,0,0
44,1,264.65,393.35,227.96,171.77,1,0,0,0
45,1,264.28,393.18,228.38,171.94,1,0,0,0
46,1,264.39,393.22,228.11,171.54,1,0,0,0
47,1,264.31,393.11,228.17,172.10,1,0,0,0
48,1,264.22,393.17,228.23,172.08,1,0,0,0
49,1,264.11,393.19,228.63,171.71,1,0,0,0
50,1,264.28,393.32,228.58,171.84,1,0,0,0
51,1,264.54,393.05,228.39,172.23,1,0,0,0
52,1,264.63,392.98,228.62,171.98,1,0,0,0
53,1,264.83,393.08,228.49,171.63,1,0,0,0
54,1,264.86,393.02,228.52,171.93,1,0,0,0
55,1,264.73,392.84,228.39,172.32,1,0,0,0
56,1,264.84,392.83,228.41,172.36,1,0,0,0
57,1,264.71,392.77,228.62,172.41,1,0,0,0
58,1,264.71,392.68,228.55,172.34,1,0,0,0
59,1,264.60,392.45,228.72,172.01,1,0,0,0
60,1,264.54,392.57,228.78,171.51,1,0,0,0
61,1,264.20,392.49,229.42,171.93,1,0,0,0
62,1,264.23,392.53,229.49,171.88,1,0,0,0
63,1,264.20,392.55,229.47,171.85,1,0,0,0
64,1,264.22,392.65,229.60,171.97,1,0,0,0
65,1,264.22,392.75,229.69,171.81,1,0,0,0
66,1,264.32,392.61,229.75,172.01,1,0,0,0
67,1,264.12,392.32,229.45,172.60,1,0,0,0
68,1,264.19,392.35,229.34,172.58,1,0,0,0
69,1,264.24,392.48,229.27,172.38,1,0,0,0
70,1,264.08,392.35,229.40,172.62,1,0,0,0
71,1,264.22,392.46,229.51,172.65,1,0,0,0
72,1,263.97,392.31,229.88,172.69,1,0,0,0
73,1,263.97,392.12,229.44,173.06,1,0,0,0
74,1,263.75,392.09,229.92,173.27,1,0,0,0
75,1,263.61,391.83,230.13,173.22,1,0,0,0
76,1,263.66,391.71,230.28,173.48,1,0,0,0
77,1,263.73,391.45,230.08,173.61,1,0,0,0
78,1,263.93,391.49,229.81,173.12,1,0,0,0
79,1,264.01,391.20,229.95,172.92,1,0,0,0
80,1,264.01,391.26,229.92,173.11,1,0,0,0
81,1,264.31,391.13,229.82,172.95,1,0,0,0
82,1,263.98,390.76,230.24,173.23,1,0,0,0
83,1,264.30,390.63,230.02,173.35,1,0,0,0
84,1,264.37,390.13,230.16,174.06,1,0,0,0
85,1,264.32,389.64,230.93,174.44,1,0,0,0
86,1,264.29,389.43,231.21,174.60,1,0,0,0
87,1,264.37,388.80,231.25,175.44,1,0,0,0
88,1,264.73,389.04,231.46,174.94,1,0,0,0
89,1,265.04,388.54,231.00,175.67,1,0,0,0
90,1,265.23,388.36,230.85,175.86,1,0,0,0
91,1,265.21,388.24,230.90,175.85,1,0,0,0
92,1,264.83,388.13,231.40,176.10,1,0,0,0
93,1,264.59,387.45,231.34,177.58,1,0,0,0
94,1,264.25,386.97,231.74,178.26,1,0,0,0
95,1,264.22,386.49,231.50,178.80,1,0,0,0
96,1,263.92,386.13,231.71,179.25,1,0,0,0
97,1,263.43,385.87,231.83,179.27,1,0,0,0
98,1,263.71,385.28,231.24,180.14,1,0,0,0
99,1,263.51,385.15,231.89,180.07,1,0,0,0
100,1,263.26,384.87,232.41,181.08,1,0,0,0
101,1,263.28,384.43,232.75,181.35,1,0,0,0
102,1,263.34,383.97,233.40,181.63,1,0,0,0
103,1,263.10,384.00,233.47,182.14,1,0,0,0
104,1,263.05,383.35,234.01,182.50,1,0,0,0
105,1,263.40,382.66,233.79,183.13,1,0,0,0
106,1,263.17,382.40,234.42,183.39,1,0,0,0
107,1,263.16,382.22,234.55,183.54,1,0,0,0
108,1,262.87,381.94,234.32,183.72,1,0,0,0
109,1,262.60,381.30,234.62,184.51,1,0,0,0
110,1,262.85,381.16,234.75,184.93,1,0,0,0
111,1,262.69,380.97,234.34,184.91,1,0,0,0
112,1,262.60,380.94,234.64,184.80,1,0,0,0
113,1,262.86,380.62,234.78,184.88,1,0,0,0
114,1,263.04,380.49,235.03,184.75,1,0,0,0
115,1,263.07,380.34,235.39,184.88,1,0,0,0
116,1,263.24,380.35,235.48,185.25,1,0,0,0
117,1,263.02,380.03,235.66,186.18,1,0,0,0
118,1,263.06,379.78,235.93,186.58,1,0,0,0
119,1,263.21,379.87,235.90,186.38,1,0,0,0
120,1,263.14,379.68,236.28,186.75,1,0,0,0
121,1,262.72,379.01,236.50,189.64,1,0,0,0
122,1,262.64,378.79,236.32,189.92,1,0,0,0
123,1,262.70,378.65,236.84,189.55,1,0,0,0
124,1,262.62,378.46,237.02,189.99,1,0,0,0
125,1,262.64,378.46,236.96,189.68,1,0,0,0
126,1,262.64,378.12,237.23,190.23,1,0,0,0
127,1,262.46,377.99,237.23,190.04,1,0,0,0
128,1,262.75,377.49,237.34,190.51,1,0,0,0
129,1,262.73,377.44,237.59,190.13,1,0,0,0
130,1,263.19,376.96,237.51,190.78,1,0,0,0
131,1,263.44,376.68,237.01,190.89,1,0,0,0
132,1,263.73,376.30,236.97,191.09,1,0,0,0
133,1,264.12,375.96,237.06,191.38,1,0,0,0
134,1,264.19,375.68,237.26,192.11,1,0,0,0
135,1,264.52,374.95,238.03,193.13,1,0,0,0
136,1,264.63,374.46,238.00,193.25,1,0,0,0
137,1,264.77,374.18,238.08,193.54,1,0,0,0
138,1,265.10,373.69,237.98,193.74,1,0,0,0
139,1,265.37,373.19,237.83,194.72,1,0,0,0
140,1,265.68,372.57,237.69,194.84,1,0,0,0
141,1,265.71,372.43,237.75,195.04,1,0,0,0
142,1,265.77,371.50,237.82,195.96,1,0,0,0
143,1,265.72,370.88,238.14,196.51,1,0,0,0
144,1,265.76,370.46,238.24,197.26,1,0,0,0
145,1,265.71,369.88,238.27,197.55,1,0,0,0
146,1,265.44,369.41,238.78,198.34,1,0,0,0
147,1,265.57,368.74,238.66,198.40,1,0,0,0
148,1,265.45,368.36,238.82,198.79,1,0,0,0
149,1,265.57,368.03,238.75,199.29,1,0,0,0
150,1,265.38,367.86,238.93,199.50,1,0,0,0
151,1,265.07,367.60,239.00,199.71,1,0,0,0
152,1,265.21,367.14,238.72,199.89,1,0,0,0
153,1,264.97,366.71,239.32,199.82,1,0,0,0
154,1,264.97,366.30,239.33,199.97,1,0,0,0
155,1,264.93,366.14,239.56,200.07,1,0,0,0
156,1,265.02,365.61,239.59,200.51,1,0,0,0
157,1,265.17,365.07,239.86,201.27,1,0,0,0
158,1,265.02,364.55,240.36,201.93,1,0,0,0
159,1,265.13,363.86,240.53,202.43,1,0,0,0
160,1,265.15,363.76,241.14,203.00,1,0,0,0
161,1,264.90,364.05,241.55,203.48,1,0,0,0
162,1,265.06,363.85,241.44,203.83,1,0,0,0
163,1,264.76,363.56,241.64,203.86,1,0,0,0
164,1,264.82,363.40,241.84,203.66,1,0,0,0
165,1,264.97,363.21,241.92,203.97,1,0,0,0
166,1,265.08,362.89,241.78,204.11,1,0,0,0
167,1,265.04,362.67,242.01,204.33,1,0,0,0
168,1,265.20,362.46,241.96,204.47,1,0,0,0
169,1,265.12,362.38,242.15,204.86,1,0,0,0
170,1,265.19,362.16,242.27,205.02,1,0,0,0
171,1,265.25,361.95,242.14,205.25,1,0,0,0
172,1,265.36,361.86,242.15,205.40,1,0,0,0
173,1,265.67,361.71,241.94,205.30,1,0,0,0
174,1,265.79,361.45,241.61,204.87,1,0,0,0
175,1,265.89,361.51,241.39,205.13,1,0,0,0
176,1,265.97,361.06,241.39,205.23,1,0,0,0
177,1,266.11,360.99,241.04,204.96,1,0,0,0
178,1,265.99,361.04,241.17,205.25,1,0,0,0
179,1,265.58,360.64,240.69,205.61,1,0,0,0
180,1,265.32,360.38,240.25,206.36,1,0,0,0
181,1,265.38,360.35,239.77,206.09,1,0,0,0
182,1,265.17,360.88,240.19,206.13,1,0,0,0
183,1,264.74,357.83,223.87,189.60,1,0,0,0
184,1,264.92,364.92,239.39,205.53,1,0,0,0
185,1,264.24,362.94,241.49,204.17,1,0,0,0
186,1,266.26,362.02,238.79,203.62,1,0,0,0
187,1,265.75,361.14,239.20,202.93,1,0,0,0
188,1,265.31,361.24,239.84,203.84,1,0,0,0
189,1,265.65,360.75,239.42,203.74,1,0,0,0
190,1,265.41,360.64,239.65,204.41,1,0,0,0
191,1,265.70,360.33,239.09,203.49,1,0,0,0
192,1,266.04,360.13,238.43,203.09,1,0,0,0
193,1,266.12,359.94,238.61,202.56,1,0,0,0
194,1,266.17,359.60,238.42,202.41,1,0,0,0
195,1,266.14,359.39,238.25,202.57,1,0,0,0
196,1,266.51,359.20,238.03,202.35,1,0,0,0
197,1,266.93,359.16,237.42,202.56,1,0,0,0
198,1,267.26,358.94,237.37,202.74,1,0,0,0
199,1,267.26,358.83,237.72,202.92,1,0,0,0
200,1,267.31,358.72,237.64,203.25,1,0,0,0
201,1,267.59,358.84,237.62,203.09,1,0,0,0
202,1,268.01,358.79,237.34,203.21,1,0,0,0
203,1,267.98,358.69,237.50,203.19,1,0,0,0
204,1,268.26,358.55,237.28,202.93,1,0,0,0
205,1,268.34,358.48,237.27,202.84,1,0,0,0
206,1,268.30,358.48,237.34,202.87,1,0,0,0
207,1,268.38,358.47,237.25,202.93,1,0,0,0
208,1,268.26,358.45,237.47,203.09,1,0,0,0
209,1,268.47,358.37,237.44,203.37,1,0,0,0
210,1,268.75,358.44,237.20,203.33,1,0,0,0
211,1,269.02,358.45,237.24,203.24,1,0,0,0
212,1,269.20,358.29,237.16,203.40,1,0,0,0
213,1,269.17,358.19,237.41,203.72,1,0,0,0
214,1,268.99,358.16,237.52,203.98,1,0,0,0
215,1,268.97,358.08,237.42,204.18,1,0,0,0
216,1,269.02,358.05,237.38,204.19,1,0,0,0
217,1,269.09,358.02,237.37,204.25,1,0,0,0
218,1,269.15,357.96,237.42,204.33,1,0,0,0
219,1,269.22,357.89,237.33,204.52,1,0,0,0
220,1,269.11,357.91,237.28,204.60,1,0,0,0
221,1,268.95,357.80,237.43,204.24,1,0,0,0
222,1,268.81,357.85,237.32,204.34,1,0,0,0
223,1,268.79,357.66,237.28,204.30,1,0,0,0
224,1,268.96,357.65,237.41,204.39,1,0,0,0
225,1,269.10,357.66,237.05,204.39,1,0,0,0
226,1,268.96,357.62,237.12,204.36,1,0,0,0
227,1,269.04,357.59,237.12,204.30,1,0,0,0
228,1,268.87,357.38,237.08,204.91,1,0,0,0
229,1,268.84,357.24,236.67,205.03,1,0,0,0
230,1,268.90,357.29,236.42,204.43,1,0,0,0
231,1,268.71,357.04,236.61,204.88,1,0,0,0
232,1,268.82,356.84,236.01,205.46,1,0,0,0
233,1,268.64,356.63,236.05,205.28,1,0,0,0
234,1,268.26,356.35,236.13,205.31,1,0,0,0
235,1,267.67,356.25,236.25,205.23,1,0,0,0
236,1,267.59,356.56,236.24,204.93,1,0,0,0
237,1,267.79,356.52,236.28,205.08,1,0,0,0
238,1,267.76,356.44,236.01,204.79,1,0,0,0
239,1,267.10,356.33,235.96,204.67,1,0,0,0
240,1,266.76,356.46,236.09,204.78,1,0,0,0
241,1,267.00,356.47,235.91,204.77,1,0,0,0
242,1,267.21,356.48,235.78,204.99,1,0,0,0
243,1,266.91,356.50,236.23,205.01,1,0,0,0
244,1,267.01,356.29,236.19,205.29,1,0,0,0
245,1,267.13,356.32,236.16,205.07,1,0,0,0
246,1,267.35,356.39,236.01,204.84,1,0,0,0
247,1,267.46,356.32,235.92,204.80,1,0,0,0
248,1,267.31,356.30,236.29,205.00,1,0,0,0
249,1,267.17,356.22,236.24,205.23,1,0,0,0
250,1,266.97,356.09,236.52,205.59,1,0,0,0
251,1,267.11,356.22,236.40,205.50,1,0,0,0
252,1,267.16,356.03,236.36,205.59,1,0,0,0
253,1,267.46,355.99,235.99,205.41,1,0,0,0
254,1,267.54,356.05,236.25,205.31,1,0,0,0
255,1,267.37,355.93,236.37,205.37,1,0,0,0
256,1,267.02,355.76,236.24,205.30,1,0,0,0
257,1,267.05,355.87,236.13,205.33,1,0,0,0
258,1,267.00,355.82,236.13,205.29,1,0,0,0
259,1,267.13,355.87,236.07,205.34,1,0,0,0
260,1,267.01,355.74,236.08,205.30,1,0,0,0
261,1,267.18,355.85,236.09,205.38,1,0,0,0
262,1,267.23,355.83,236.02,205.00,1,0,0,0
263,1,267.26,356.03,236.14,205.16,1,0,0,0
264,1,267.45,355.79,236.28,205.30,1,0,0,0
265,1,267.50,355.90,236.33,204.98,1,0,0,0
266,1,267.54,355.86,236.14,205.30,1,0,0,0
267,1,267.57,355.63,236.20,205.60,1,0,0,0
268,1,267.54,355.51,236.05,205.57,1,0,0,0
269,1,267.47,355.45,236.15,205.76,1,0,0,0
270,1,267.43,355.51,236.17,205.70,1,0,0,0
271,1,267.58,355.57,236.25,205.24,1,0,0,0
272,1,267.43,355.46,236.62,205.42,1,0,0,0
273,1,267.68,355.54,236.53,205.18,1,0,0,0
274,1,267.62,355.46,236.65,205.15,1,0,0,0
275,1,267.81,355.29,236.45,205.19,1,0,0,0
276,1,267.76,355.33,236.57,205.13,1,0,0,0
277,1,267.99,355.36,236.34,205.23,1,0,0,0
278,1,267.93,355.18,236.39,205.02,1,0,0,0
279,1,268.19,355.21,236.26,204.63,1,0,0,0
280,1,267.88,355.29,236.27,204.61,1,0,0,0
281,1,267.80,355.42,236.41,204.68,1,0,0,0
282,1,267.96,355.36,236.40,204.94,1,0,0,0
283,1,268.17,355.03,236.55,205.08,1,0,0,0
284,1,268.01,354.92,236.81,205.45,1,0,0,0
285,1,267.62,355.14,237.17,204.76,1,0,0,0
286,1,267.24,355.39,237.02,204.83,1,0,0,0
287,1,267.23,355.26,237.03,205.24,1,0,0,0
288,1,267.13,355.08,236.46,205.41,1,0,0,0
289,1,266.67,355.25,236.68,205.35,1,0,0,0
290,1,266.19,355.31,236.88,205.34,1,0,0,0
291,1,266.18,355.33,236.71,204.82,1,0,0,0
292,1,265.95,355.38,236.74,204.91,1,0,0,0
293,1,265.61,355.21,236.86,204.97,1,0,0,0
294,1,265.37,355.28,236.85,204.95,1,0,0,0
295,1,265.43,355.30,236.78,204.96,1,0,0,0
296,1,265.22,355.22,236.92,204.96,1,0,0,0
297,1,265.15,355.25,236.87,204.88,1,0,0,0
298,1,265.05,355.41,237.13,204.87,1,0,0,0
299,1,264.92,355.51,236.77,204.80,1,0,0,0
300,1,265.00,355.45,236.82,205.05,1,0,0,0
301,1,264.96,355.37,237.12,205.28,1,0,0,0
302,1,264.83,355.40,237.18,205.31,1,0,0,0
303,1,264.99,355.57,237.18,205.17,1,0,0,0
304,1,265.25,355.76,236.97,205.15,1,0,0,0
305,1,265.39,355.81,236.79,204.97,1,0,0,0
306,1,265.37,355.83,236.93,204.87,1,0,0,0
307,1,265.47,355.65,236.83,204.73,1,0,0,0
308,1,265.73,355.65,236.82,205.20,1,0,0,0
309,1,265.78,355.60,236.88,205.21,1,0,0,0
310,1,265.89,355.70,237.07,205.02,1,0,0,0
311,1,265.94,355.64,236.86,204.95,1,0,0,0
312,1,265.88,355.59,237.00,204.88,1,0,0,0
313,1,265.91,355.63,237.05,204.89,1,0,0,0
314,1,265.94,355.56,237.01,204.83,1,0,0,0
315,1,265.96,355.62,236.91,204.80,1,0,0,0
316,1,265.96,355.58,236.97,204.78,1,0,0,0
317,1,265.81,355.59,237.04,204.66,1,0,0,0
318,1,265.66,355.46,237.00,205.00,1,0,0,0
319,1,265.72,355.50,236.73,205.00,1,0,0,0
320,1,265.61,355.47,236.78,204.83,1,0,0,0
321,1,264.84,355.84,237.97,205.14,1,0,0,0
322,1,264.66,355.65,238.00,205.18,1,0,0,0
323,1,264.87,355.81,237.81,205.09,1,0,0,0
324,1,265.03,355.77,238.01,205.03,1,0,0,0
325,1,264.93,356.11,238.23,205.18,1,0,0,0
326,1,265.15,356.20,238.06,205.22,1,0,0,0
327,1,265.39,356.23,237.94,205.30,1,0,0,0
328,1,265.49,356.21,237.77,205.11,1,0,0,0
329,1,265.31,356.14,237.97,205.18,1,0,0,0
330,1,265.52,356.19,237.88,205.33,1,0,0,0
331,1,265.23,356.17,237.91,205.32,1,0,0,0
332,1,265.23,356.27,237.79,205.30,1,0,0,0
333,1,265.07,356.06,238.11,205.73,1,0,0,0
334,1,264.85,356.13,238.02,205.02,1,0,0,0
335,1,264.61,356.08,238.09,205.01,1,0,0,0
336,1,264.59,356.11,238.54,205.09,1,0,0,0
337,1,264.39,356.35,238.61,205.00,1,0,0,0
338,1,264.14,356.45,238.70,205.16,1,0,0,0
339,1,264.04,356.60,238.69,205.25,1,0,0,0
340,1,264.10,356.63,238.34,204.89,1,0,0,0
341,1,263.97,356.54,238.37,204.80,1,0,0,0
342,1,263.96,356.65,238.22,204.55,1,0,0,0
343,1,263.84,356.55,238.40,204.77,1,0,0,0
344,1,264.01,356.50,238.13,204.76,1,0,0,0
345,1,263.87,356.69,238.27,204.81,1,0,0,0
346,1,264.01,357.04,238.18,204.79,1,0,0,0
347,1,263.80,357.03,238.13,204.83,1,0,0,0
348,1,263.74,357.07,238.21,204.96,1,0,0,0
349,1,263.60,357.20,238.10,204.94,1,0,0,0
350,1,263.39,357.14,238.43,204.83,1,0,0,0
351,1,263.22,357.21,238.33,204.94,1,0,0,0
352,1,262.83,357.02,238.31,205.14,1,0,0,0
353,1,262.72,356.97,238.50,205.28,1,0,0,0
354,1,262.34,356.94,238.45,205.40,1,0,0,0
355,1,261.87,357.08,238.54,205.34,1,0,0,0
356,1,261.93,356.88,238.46,205.31,1,0,0,0
357,1,261.86,356.77,238.35,205.38,1,0,0,0
358,1,261.60,356.68,238.50,205.29,1,0,0,0
359,1,261.58,356.48,238.55,205.18,1,0,0,0
360,1,261.63,356.56,238.21,204.84,1,0,0,0
361,1,261.68,356.62,238.31,204.63,1,0,0,0
362,1,261.96,356.70,238.23,204.55,1,0,0,0
363,1,262.03,356.63,238.23,204.51,1,0,0,0
364,1,261.88,357.05,238.35,204.63,1,0,0,0
365,1,261.89,357.28,238.07,204.65,1,0,0,0
366,1,261.98,357.37,238.03,204.65,1,0,0,0
367,1,262.00,357.43,237.97,204.57,1,0,0,0
368,1,262.05,357.45,238.02,204.42,1,0,0,0
369,1,261.92,357.53,237.98,204.25,1,0,0,0
370,1,261.93,357.41,237.86,204.40,1,0,0,0
371,1,262.01,357.47,237.76,204.17,1,0,0,0
372,1,261.91,357.47,238.13,204.47,1,0,0,0
373,1,262.24,357.43,238.02,204.68,1,0,0,0
374,1,262.06,357.37,238.22,204.77,1,0,0,0
375,1,261.70,357.20,238.38,204.59,1,0,0,0
376,1,261.78,357.18,238.16,204.63,1,0,0,0
377,1,261.72,357.24,238.17,204.46,1,0,0,0
378,1,261.71,357.18,238.21,204.38,1,0,0,0
379,1,261.78,357.25,238.18,204.29,1,0,0,0
380,1,261.79,357.24,238.19,204.45,1,0,0,0
381,1,261.80,357.17,238.16,204.29,1,0,0,0
382,1,261.85,357.30,238.23,204.25,1,0,0,0
383,1,261.72,357.32,238.28,204.18,1,0,0,0
384,1,261.90,357.38,238.16,204.22,1,0,0,0
385,1,261.72,357.50,238.28,204.08,1,0,0,0
386,1,261.81,357.53,238.21,204.05,1,0,0,0
387,1,262.10,357.60,238.15,204.03,1,0,0,0
388,1,261.95,357.55,238.04,203.93,1,0,0,0
389,1,261.93,357.55,238.27,203.90,1,0,0,0
390,1,261.88,357.47,238.31,203.90,1,0,0,0
391,1,262.00,357.53,238.32,203.96,1,0,0,0
392,1,261.93,357.48,237.95,203.64,1,0,0,0
393,1,261.92,357.50,238.21,203.93,1,0,0,0
394,1,261.95,357.39,238.12,203.80,1,0,0,0
395,1,262.00,357.38,238.11,203.84,1,0,0,0
396,1,261.97,357.28,238.08,203.77,1,0,0,0
397,1,261.85,357.20,238.17,203.89,1,0,0,0
398,1,261.96,357.28,238.07,203.78,1,0,0,0
399,1,261.89,357.24,238.09,203.83,1,0,0,0
400,1,261.96,357.13,238.14,203.93,1,0,0,0
401,1,261.88,357.02,238.33,204.14,1,0,0,0
402,1,261.91,357.00,238.23,204.12,1,0,0,0
403,1,261.91,356.98,238.30,204.11,1,0,0,0
404,1,262.03,356.91,238.55,204.11,1,0,0,0
405,1,262.07,356.81,238.89,204.30,1,0,0,0
406,1,262.11,356.95,239.11,204.09,1,0,0,0
407,1,262.19,356.91,239.57,204.38,1,0,0,0
408,1,261.74,356.81,240.45,204.37,1,0,0,0
409,1,261.53,356.82,241.16,204.33,1,0,0,0
410,1,261.04,356.90,242.34,203.74,1,0,0,0
411,1,260.55,356.87,243.11,203.42,1,0,0,0
412,1,259.80,356.82,244.24,203.54,1,0,0,0
413,1,259.24,356.80,245.18,203.25,1,0,0,0
414,1,258.26,356.85,246.84,202.45,1,0,0,0
415,1,257.19,356.44,248.99,202.83,1,0,0,0
416,1,255.79,356.93,250.65,203.60,1,0,0,0
417,1,253.34,357.71,255.12,205.31,1,0,0,0
418,1,261.67,334.01,220.93,193.77,1,0,0,0
419,1,252.25,361.34,259.52,207.74,1,0,0,0
420,1,251.92,356.19,257.70,205.52,1,0,0,0
421,1,249.09,356.24,260.77,205.48,1,0,0,0
422,1,247.45,355.49,262.82,206.44,1,0,0,0
423,1,246.54,355.74,261.72,202.55,1,0,0,0
424,1,245.28,355.66,262.97,198.92,1,0,0,0
425,1,243.07,355.99,263.97,198.49,1,0,0,0
426,1,241.13,356.80,265.68,198.25,1,0,0,0
427,1,238.85,356.80,267.07,197.94,1,0,0,0
428,1,236.98,357.34,267.89,197.11,1,0,0,0
429,1,233.71,357.29,270.34,196.95,1,0,0,0
430,1,231.76,357.47,270.51,195.88,1,0,0,0
431,1,228.70,357.38,273.11,196.32,1,0,0,0
432,1,225.79,356.94,275.01,196.45,1,0,0,0
433,1,223.42,355.63,276.45,197.88,1,0,0,0
434,1,220.51,355.17,278.47,198.29,1,0,0,0
435,1,218.61,354.55,278.58,198.56,1,0,0,0
436,1,215.69,353.50,279.84,199.52,1,0,0,0
437,1,213.15,352.98,280.64,199.85,1,0,0,0
438,1,209.97,352.15,281.93,199.70,1,0,0,0
439,1,208.06,351.01,280.88,200.57,1,0,0,0
440,1,205.33,349.23,282.22,201.84,1,0,0,0
441,1,204.11,348.35,282.17,201.06,1,0,0,0
442,1,202.55,347.73,280.67,200.48,1,0,0,0
443,1,200.45,346.41,281.21,201.86,1,0,0,0
444,1,198.63,344.66,279.99,201.44,1,0,0,0
445,1,197.89,343.93,278.74,201.57,1,0,0,0
446,1,196.54,342.89,276.80,202.97,1,0,0,0
447,1,195.02,341.57,275.45,203.33,1,0,0,0
448,1,194.58,339.75,272.50,204.56,1,0,0,0
449,1,192.78,337.36,270.33,205.28,1,0,0,0
450,1,191.46,335.07,268.67,206.43,1,0,0,0
451,1,190.37,332.48,267.16,207.83,1,0,0,0
452,1,187.33,331.04,267.35,208.28,1,0,0,0
453,1,186.42,329.86,268.24,210.56,1,0,0,0
454,1,180.21,327.75,275.87,212.90,1,0,0,0
455,1,172.27,325.66,284.85,215.93,1,0,0,0
456,1,165.00,323.47,292.02,220.08,1,0,0,0
457,1,157.59,316.93,301.90,227.21,1,0,0,0
458,1,149.19,311.44,311.25,233.09,1,0,0,0
459,1,143.19,304.69,316.91,238.86,1,0,0,0
460,1,135.36,300.07,324.80,243.77,1,0,0,0
461,1,126.77,294.37,332.07,248.72,1,0,0,0
462,1,120.19,292.28,337.50,250.60,1,0,0,0
463,1,114.35,287.85,341.63,256.12,1,0,0,0
464,1,107.66,284.01,347.37,261.06,1,0,0,0
465,1,102.39,281.96,351.44,262.72,1,0,0,0
466,1,98.20,276.38,354.03,268.08,1,0,0,0
467,1,95.71,273.62,355.20,270.97,1,0,0,0
468,1,89.40,272.63,361.07,270.77,1,0,0,0
469,1,88.70,271.57,359.00,271.62,1,0,0,0
470,1,87.20,272.25,358.99,272.85,1,0,0,0
471,1,85.60,271.39,360.61,274.66,1,0,0,0
472,1,82.67,270.52,361.88,276.28,1,0,0,0
473,1,79.84,271.56,365.11,274.77,1,0,0,0
474,1,79.37,272.60,364.44,274.69,1,0,0,0
475,1,79.08,274.09,362.05,274.53,1,0,0,0
476,1,78.87,274.40,359.70,274.52,1,0,0,0
477,1,79.31,276.19,356.63,272.38,1,0,0,0
478,1,80.83,277.96,352.00,269.58,1,0,0,0
479,1,81.11,280.46,348.86,266.35,1,0,0,0
480,1,82.04,282.96,344.91,263.80,1,0,0,0
481,1,83.01,284.62,340.87,262.44,1,0,0,0
482,1,82.75,283.70,337.86,262.31,1,0,0,0
483,1,84.49,280.98,333.05,264.04,1,0,0,0
484,1,85.37,282.30,328.85,262.89,1,0,0,0
485,1,82.25,283.96,327.96,261.54,1,0,0,0
486,1,82.23,292.33,323.42,254.21,1,0,0,0
487,1,82.91,288.43,315.06,258.15,1,0,0,0
488,1,85.03,290.39,308.09,255.57,1,0,0,0
489,1,88.04,288.77,300.86,259.08,1,0,0,0
490,1,87.74,297.43,293.59,251.95,1,0,0,0
491,1,87.95,299.58,288.20,251.29,1,0,0,0
492,1,87.65,303.44,282.67,248.76,1,0,0,0
493,1,89.09,302.46,276.06,251.21,1,0,0,0
494,1,83.98,301.55,273.95,252.22,1,0,0,0
495,1,81.49,300.71,269.78,252.06,1,0,0,0
496,1,78.15,300.30,265.08,251.71,1,0,0,0
497,1,74.67,299.83,260.13,253.40,1,0,0,0
498,1,74.03,300.23,251.95,250.80,1,0,0,0
499,1,71.03,298.30,247.27,252.57,1,0,0,0
500,1,67.60,297.83,242.59,255.46,1,0,0,0
501,1,64.40,297.57,238.48,256.64,1,0,0,0
502,1,61.77,296.96,234.47,258.14,1,0,0,0
503,1,59.63,296.26,229.43,260.25,1,0,0,0
504,1,55.20,296.48,226.30,262.31,1,0,0,0
505,1,53.03,296.02,223.00,261.60,1,0,0,0
506,1,50.68,296.09,222.73,261.44,1,0,0,0
507,1,47.67,295.82,224.26,261.88,1,0,0,0
508,1,44.17,296.89,228.54,261.29,1,0,0,0
509,1,41.20,296.80,230.90,260.80,1,0,0,0
510,1,36.58,296.05,237.64,262.08,1,0,0,0
511,1,34.62,295.30,239.17,263.06,1,0,0,0
512,1,32.51,295.15,241.13,263.19,1,0,0,0
513,1,29.73,295.14,244.09,264.02,1,0,0,0
514,1,26.67,294.24,247.46,265.73,1,0,0,0
515,1,25.20,294.57,249.22,265.90,1,0,0,0
516,1,22.31,294.12,251.50,266.09,1,0,0,0
517,1,19.63,293.74,253.87,266.05,1,0,0,0
518,1,8.78,292.57,266.45,268.24,1,0,0,0
519,1,1.01,292.50,275.92,268.73,1,0,0,0
520,1,1.01,292.57,275.75,269.99,1,0,0,0
521,1,1.01,292.12,275.35,270.36,1,0,0,0
522,1,1.01,291.33,276.39,270.40,1,0,0,0
523,1,1.01,290.78,275.34,271.52,1,0,0,0
524,1,1.01,290.59,273.98,271.22,1,0,0,0
525,1,1.01,289.36,272.89,272.84,1,0,0,0
526,1,1.01,289.53,273.23,273.09,1,0,0,0
527,1,1.01,288.59,272.10,274.61,1,0,0,0
528,1,1.01,288.10,271.37,275.27,1,0,0,0
529,1,1.01,286.42,269.13,274.82,1,0,0,0
530,1,1.01,285.11,267.33,275.79,1,0,0,0
531,1,1.01,285.11,264.57,273.90,1,0,0,0
532,1,1.01,285.31,263.02,270.74,1,0,0,0
533,1,1.01,284.81,260.72,269.67,1,0,0,0
534,1,1.01,281.70,258.43,273.33,1,0,0,0
535,1,1.01,278.96,255.78,274.12,1,0,0,0
536,1,1.01,276.72,251.23,275.77,1,0,0,0
537,1,1.01,276.69,248.70,275.32,1,0,0,0
538,1,1.01,275.69,244.36,275.83,1,0,0,0
539,1,1.01,274.48,241.54,274.62,1,0,0,0
540,1,1.01,273.32,237.33,272.88,1,0,0,0
541,1,1.01,273.62,232.17,270.64,1,0,0,0
542,1,1.01,272.71,226.92,271.34,1,0,0,0
543,1,1.01,273.40,222.69,268.51,1,0,0,0
544,1,1.01,273.19,216.69,267.61,1,0,0,0
545,1,1.01,270.45,212.31,268.20,1,0,0,0
546,1,1.01,270.51,206.97,268.11,1,0,0,0
547,1,1.01,270.51,202.17,268.69,1,0,0,0
548,1,1.01,272.68,195.95,267.13,1,0,0,0
549,1,1.01,272.47,189.06,267.20,1,0,0,0
550,1,1.01,274.12,180.16,264.66,1,0,0,0
551,1,1.01,272.95,174.76,265.97,1,0,0,0
552,1,1.01,272.73,167.30,267.15,1,0,0,0
553,1,1.01,272.01,160.66,269.19,1,0,0,0
554,1,1.01,271.03,151.43,272.16,1,0,0,0
555,1,1.01,270.99,144.74,272.68,1,0,0,0
556,1,1.01,269.46,132.54,274.36,1,0,0,0
557,1,1.01,265.76,125.05,277.02,1,0,0,0
558,1,1.01,259.80,117.15,283.09,1,0,0,0
559,1,1.01,256.49,107.80,287.02,1,0,0,0
560,1,1.01,254.70,99.66,289.41,1,0,0,0
561,1,1.01,254.73,93.50,288.98,1,0,0,0
562,1,1.01,260.78,86.98,283.59,1,0,0,0
563,1,1.01,259.23,77.49,285.44,1,0,0,0
564,1,1.01,257.80,71.95,288.41,1,0,0,0
599,36,221.53,355.28,19.28,29.62,1,0,0,0
600,36,222.82,356.45,17.88,27.32,1,0,0,0
601,36,223.25,357.03,17.08,26.70,1,0,0,0
602,36,223.03,356.77,17.50,26.97,1,0,0,0
603,36,223.45,356.71,17.93,27.09,1,0,0,0
604,36,223.74,356.62,18.04,27.40,1,0,0,0
605,36,224.62,356.87,17.71,27.22,1,0,0,0
606,36,225.61,356.75,18.06,27.36,1,0,0,0
607,36,226.15,356.78,18.22,27.24,1,0,0,0
608,36,226.72,357.01,18.16,26.98,1,0,0,0
609,36,227.29,357.56,18.00,26.40,1,0,0,0
610,36,227.97,357.19,18.01,26.79,1,0,0,0
611,36,228.40,356.62,18.08,27.21,1,0,0,0
612,36,228.77,356.70,18.48,27.23,1,0,0,0
613,36,228.94,356.53,18.68,27.61,1,0,0,0
614,36,229.44,356.75,18.64,27.64,1,0,0,0
615,36,230.77,357.43,18.42,26.85,1,0,0,0
616,36,231.53,357.54,18.17,26.64,1,0,0,0
617,36,232.20,358.39,17.40,25.68,1,0,0,0
618,36,232.42,358.78,17.10,25.31,1,0,0,0
619,36,232.79,359.08,16.84,25.13,1,0,0,0
620,36,233.64,359.32,16.52,24.86,1,0,0,0
621,36,234.04,359.10,16.53,25.17,1,0,0,0
622,36,234.83,359.26,16.15,24.87,1,0,0,0
623,36,235.56,359.31,15.94,24.75,1,0,0,0
624,36,236.06,359.37,15.96,24.64,1,0,0,0
625,36,235.99,359.14,16.29,24.80,1,0,0,0
626,36,236.24,359.12,16.09,24.75,1,0,0,0
627,36,236.48,359.05,15.94,24.93,1,0,0,0
628,36,236.53,359.11,16.04,24.72,1,0,0,0
629,36,236.69,359.02,16.10,24.72,1,0,0,0
630,36,236.73,359.09,16.42,24.51,1,0,0,0
631,36,236.72,358.98,16.58,24.44,1,0,0,0
632,36,236.60,358.80,16.74,24.50,1,0,0,0
633,36,236.79,359.01,16.65,24.35,1,0,0,0
634,36,236.18,358.55,17.51,24.56,1,0,0,0
635,36,235.78,358.16,17.90,24.60,1,0,0,0
636,36,235.90,358.58,17.77,24.10,1,0,0,0
637,36,235.90,358.85,17.60,23.81,1,0,0,0
638,36,235.94,359.07,17.40,23.70,1,0,0,0
639,36,235.84,359.18,17.37,23.76,1,0,0,0
640,36,235.84,359.30,17.29,23.71,1,0,0,0
641,36,235.78,359.29,17.18,23.82,1,0,0,0
642,36,235.84,359.44,16.84,23.65,1,0,0,0
643,36,235.56,359.15,17.26,24.40,1,0,0,0
644,36,235.55,359.47,17.22,24.24,1,0,0,0
645,36,235.46,359.12,17.49,24.52,1,0,0,0
646,36,235.16,359.11,17.63,24.70,1,0,0,0
620,39,287.31,341.61,12.48,30.13,1,0,0,0
621,39,287.64,341.41,12.48,30.39,1,0,0,0
622,39,287.76,341.31,12.55,30.47,1,0,0,0
623,39,287.87,341.29,12.59,30.46,1,0,0,0
624,39,288.00,341.31,12.64,30.49,1,0,0,0
625,39,288.10,341.38,12.71,30.51,1,0,0,0
626,39,288.14,341.31,12.84,30.73,1,0,0,0
627,39,288.28,341.25,12.98,30.85,1,0,0,0
628,39,288.29,341.12,13.20,31.11,1,0,0,0
629,39,288.43,341.15,13.24,31.16,1,0,0,0
630,39,288.56,341.28,13.28,31.20,1,0,0,0
631,39,288.78,341.45,13.20,31.04,1,0,0,0
632,39,288.91,341.48,13.21,31.03,1,0,0,0
633,39,288.98,341.51,13.19,31.05,1,0,0,0
634,39,288.98,341.55,13.20,31.05,1,0,0,0
635,39,289.03,341.60,13.13,31.00,1,0,0,0
636,39,288.96,341.68,13.15,30.95,1,0,0,0
637,39,288.96,341.78,13.08,30.89,1,0,0,0
638,39,288.99,341.87,13.00,30.78,1,0,0,0
639,39,288.89,341.85,12.99,30.86,1,0,0,0
640,39,288.90,341.93,12.96,30.78,1,0,0,0
641,39,288.97,341.89,12.96,30.87,1,0,0,0
642,39,289.00,342.00,12.90,30.76,1,0,0,0
643,39,288.95,342.08,12.86,30.71,1,0,0,0
644,39,288.98,342.31,12.80,30.47,1,0,0,0
645,39,288.96,342.34,12.81,30.47,1,0,0,0
646,39,288.87,342.21,12.91,30.85,1,0,0,0
647,39,288.93,342.53,12.56,30.20,1,0,0,0
648,39,288.93,342.50,12.50,30.08,1,0,0,0
649,39,288.85,342.40,12.48,30.23,1,0,0,0
650,39,288.81,342.35,12.48,30.20,1,0,0,0
651,39,288.77,342.09,12.63,30.46,1,0,0,0
652,39,288.84,342.15,12.44,30.16,1,0,0,0
653,39,288.88,342.17,12.31,29.94,1,0,0,0
654,39,288.85,342.14,12.35,29.97,1,0,0,0
616,38,232.20,353.98,19.42,30.27,1,0,0,0
617,38,232.65,353.91,19.28,30.31,1,0,0,0
618,38,232.93,354.30,19.04,29.50,1,0,0,0
619,38,233.12,354.85,18.94,28.74,1,0,0,0
620,38,233.52,355.18,19.00,28.32,1,0,0,0
621,38,233.61,354.97,19.48,28.76,1,0,0,0
622,38,234.21,355.26,19.40,28.29,1,0,0,0
623,38,234.65,355.46,19.42,28.08,1,0,0,0
624,38,234.86,355.63,19.62,27.89,1,0,0,0
1,2,235.69,341.16,12.71,32.59,1,0,0,0
2,2,235.78,341.85,12.36,31.60,1,0,0,0
3,2,235.68,342.16,12.41,31.43,1,0,0,0
4,2,235.53,342.30,12.54,31.48,1,0,0,0
5,2,235.36,342.23,12.54,31.57,1,0,0,0
6,2,235.28,342.13,12.45,31.61,1,0,0,0
574,3,199.71,353.16,20.09,30.00,1,0,0,0
575,3,199.94,353.17,19.76,29.23,1,0,0,0
576,3,200.58,353.75,18.90,28.62,1,0,0,0
577,3,200.99,354.10,18.75,28.38,1,0,0,0
578,3,201.84,354.30,18.33,28.12,1,0,0,0
579,3,202.62,354.81,18.13,27.63,1,0,0,0
580,3,202.52,354.80,18.55,27.72,1,0,0,0
646,40,234.59,354.02,20.08,30.26,1,0,0,0
647,40,234.91,354.29,20.08,30.13,1,0,0,0
648,40,234.75,354.32,20.00,29.86,1,0,0,0
649,40,234.71,354.60,20.12,29.79,1,0,0,0
650,40,234.61,354.48,20.21,30.16,1,0,0,0
651,40,234.41,354.37,20.28,30.41,1,0,0,0
652,40,234.32,354.55,20.32,30.31,1,0,0,0
653,40,234.58,354.60,19.98,30.15,1,0,0,0
654,40,234.53,354.48,20.04,30.10,1,0,0,0
655,40,234.40,354.45,20.22,30.17,1,0,0,0
656,40,234.00,354.03,20.84,31.01,1,0,0,0
